INN,2017-07-10,09:30:00,18.43,18.43,18.43,18.43,5449
INN,2017-07-10,09:32:00,18.45,18.45,18.45,18.45,300
INN,2017-07-10,09:33:00,18.44,18.44,18.43,18.43,742
INN,2017-07-10,09:34:00,18.42,18.45,18.42,18.45,400
INN,2017-07-10,09:35:00,18.45,18.45,18.45,18.45,100
INN,2017-07-10,09:36:00,18.47,18.47,18.43,18.45,1002
INN,2017-07-10,09:37:00,18.44,18.44,18.42,18.42,600
INN,2017-07-10,09:38:00,18.41,18.42,18.40,18.40,5196
INN,2017-07-10,09:39:00,18.40,18.40,18.40,18.40,400
INN,2017-07-10,09:40:00,18.41,18.43,18.41,18.43,1000
INN,2017-07-10,09:41:00,18.42,18.43,18.42,18.43,500
INN,2017-07-10,09:42:00,18.44,18.44,18.44,18.44,100
INN,2017-07-10,09:43:00,18.44,18.45,18.44,18.45,600
INN,2017-07-10,09:44:00,18.45,18.45,18.45,18.45,700
INN,2017-07-10,09:45:00,18.45,18.46,18.45,18.46,200
INN,2017-07-10,09:46:00,18.47,18.49,18.47,18.49,1200
INN,2017-07-10,09:47:00,18.49,18.49,18.49,18.49,200
INN,2017-07-10,09:48:00,18.48,18.48,18.47,18.47,600
INN,2017-07-10,09:49:00,18.47,18.52,18.47,18.51,1200
INN,2017-07-10,09:50:00,18.51,18.51,18.51,18.51,206
INN,2017-07-10,09:51:00,18.47,18.47,18.46,18.46,700
INN,2017-07-10,09:52:00,18.46,18.46,18.46,18.46,100
INN,2017-07-10,09:53:00,18.46,18.46,18.45,18.46,2693
INN,2017-07-10,09:54:00,18.45,18.45,18.44,18.44,855
INN,2017-07-10,09:55:00,18.43,18.43,18.41,18.41,1309
INN,2017-07-10,09:56:00,18.42,18.42,18.42,18.42,200
INN,2017-07-10,09:57:00,18.40,18.40,18.40,18.40,1300
INN,2017-07-10,09:58:00,18.40,18.40,18.37,18.37,2820
INN,2017-07-10,09:59:00,18.37,18.39,18.36,18.36,1900
INN,2017-07-10,10:00:00,18.36,18.37,18.34,18.34,5562
INN,2017-07-10,10:01:00,18.33,18.33,18.30,18.30,1341
INN,2017-07-10,10:02:00,18.31,18.34,18.31,18.34,1382
INN,2017-07-10,10:03:00,18.34,18.34,18.32,18.32,2767
INN,2017-07-10,10:04:00,18.32,18.33,18.32,18.32,1600
INN,2017-07-10,10:05:00,18.32,18.32,18.31,18.31,8100
INN,2017-07-10,10:06:00,18.31,18.32,18.31,18.31,3369
INN,2017-07-10,10:07:00,18.30,18.30,18.30,18.30,700
INN,2017-07-10,10:08:00,18.30,18.31,18.30,18.31,500
INN,2017-07-10,10:09:00,18.32,18.32,18.31,18.31,200
INN,2017-07-10,10:11:00,18.30,18.30,18.30,18.30,600
INN,2017-07-10,10:12:00,18.30,18.30,18.29,18.29,600
INN,2017-07-10,10:13:00,18.29,18.29,18.29,18.29,300
INN,2017-07-10,10:14:00,18.29,18.30,18.28,18.28,1500
INN,2017-07-10,10:16:00,18.28,18.28,18.28,18.28,1321
INN,2017-07-10,10:17:00,18.29,18.29,18.29,18.29,300
INN,2017-07-10,10:18:00,18.29,18.29,18.29,18.29,100
INN,2017-07-10,10:19:00,18.29,18.29,18.29,18.29,100
INN,2017-07-10,10:20:00,18.29,18.29,18.29,18.29,200
INN,2017-07-10,10:21:00,18.29,18.29,18.29,18.29,400
INN,2017-07-10,10:22:00,18.29,18.31,18.29,18.31,2100
INN,2017-07-10,10:23:00,18.31,18.32,18.31,18.32,600
INN,2017-07-10,10:24:00,18.30,18.30,18.29,18.29,3400
INN,2017-07-10,10:25:00,18.29,18.29,18.27,18.27,1824
INN,2017-07-10,10:26:00,18.28,18.29,18.27,18.29,700
INN,2017-07-10,10:27:00,18.29,18.29,18.29,18.29,100
INN,2017-07-10,10:28:00,18.28,18.29,18.28,18.29,300
INN,2017-07-10,10:29:00,18.29,18.30,18.28,18.30,1787
INN,2017-07-10,10:30:00,18.29,18.29,18.29,18.29,400
INN,2017-07-10,10:31:00,18.29,18.29,18.29,18.29,300
INN,2017-07-10,10:32:00,18.30,18.30,18.26,18.26,12050
INN,2017-07-10,10:33:00,18.27,18.27,18.24,18.24,6666
INN,2017-07-10,10:34:00,18.25,18.25,18.23,18.24,1400
INN,2017-07-10,10:35:00,18.23,18.23,18.23,18.23,114
INN,2017-07-10,10:36:00,18.23,18.23,18.22,18.22,3161
INN,2017-07-10,10:38:00,18.23,18.24,18.23,18.24,1400
INN,2017-07-10,10:39:00,18.24,18.25,18.24,18.24,2600
INN,2017-07-10,10:40:00,18.23,18.23,18.23,18.23,500
INN,2017-07-10,10:41:00,18.23,18.23,18.22,18.22,900
INN,2017-07-10,10:42:00,18.23,18.23,18.23,18.23,300
INN,2017-07-10,10:43:00,18.23,18.23,18.23,18.23,100
INN,2017-07-10,10:44:00,18.23,18.23,18.23,18.23,200
INN,2017-07-10,10:45:00,18.23,18.24,18.23,18.24,922
INN,2017-07-10,10:46:00,18.25,18.26,18.25,18.26,6296
INN,2017-07-10,10:47:00,18.27,18.27,18.27,18.27,100
INN,2017-07-10,10:48:00,18.26,18.27,18.26,18.27,800
INN,2017-07-10,10:49:00,18.26,18.26,18.25,18.25,200
INN,2017-07-10,10:52:00,18.26,18.26,18.25,18.25,400
INN,2017-07-10,10:53:00,18.26,18.27,18.26,18.27,1300
INN,2017-07-10,10:54:00,18.27,18.27,18.26,18.26,1100
INN,2017-07-10,10:58:00,18.26,18.26,18.26,18.26,200
INN,2017-07-10,10:59:00,18.27,18.28,18.27,18.28,700
INN,2017-07-10,11:00:00,18.28,18.28,18.28,18.28,100
INN,2017-07-10,11:01:00,18.28,18.29,18.27,18.29,1500
INN,2017-07-10,11:02:00,18.28,18.28,18.28,18.28,812
INN,2017-07-10,11:04:00,18.27,18.27,18.27,18.27,600
INN,2017-07-10,11:05:00,18.28,18.28,18.26,18.26,11610
INN,2017-07-10,11:06:00,18.27,18.28,18.26,18.27,3012
INN,2017-07-10,11:09:00,18.28,18.28,18.28,18.28,100
INN,2017-07-10,11:11:00,18.28,18.28,18.28,18.28,202
INN,2017-07-10,11:13:00,18.28,18.28,18.28,18.28,1300
INN,2017-07-10,11:14:00,18.29,18.29,18.29,18.29,500
INN,2017-07-10,11:15:00,18.30,18.31,18.30,18.31,500
INN,2017-07-10,11:16:00,18.30,18.30,18.30,18.30,300
INN,2017-07-10,11:17:00,18.31,18.32,18.31,18.32,625
INN,2017-07-10,11:19:00,18.34,18.34,18.34,18.34,100
INN,2017-07-10,11:20:00,18.33,18.34,18.33,18.34,970
INN,2017-07-10,11:21:00,18.33,18.33,18.33,18.33,100
INN,2017-07-10,11:22:00,18.33,18.34,18.33,18.33,595
INN,2017-07-10,11:26:00,18.34,18.34,18.34,18.34,100
INN,2017-07-10,11:28:00,18.34,18.35,18.34,18.34,1200
INN,2017-07-10,11:29:00,18.34,18.34,18.34,18.34,100
INN,2017-07-10,11:30:00,18.34,18.34,18.34,18.34,900
INN,2017-07-10,11:31:00,18.32,18.32,18.32,18.32,100
INN,2017-07-10,11:35:00,18.34,18.34,18.34,18.34,100
INN,2017-07-10,11:36:00,18.34,18.35,18.34,18.35,600
INN,2017-07-10,11:37:00,18.35,18.35,18.34,18.34,3461
INN,2017-07-10,11:38:00,18.34,18.34,18.34,18.34,100
INN,2017-07-10,11:41:00,18.34,18.34,18.34,18.34,100
INN,2017-07-10,11:42:00,18.35,18.35,18.34,18.35,7612
INN,2017-07-10,11:44:00,18.34,18.35,18.34,18.34,1501
INN,2017-07-10,11:45:00,18.33,18.33,18.33,18.33,1354
INN,2017-07-10,11:46:00,18.32,18.32,18.32,18.32,200
INN,2017-07-10,11:47:00,18.33,18.33,18.33,18.33,100
INN,2017-07-10,11:49:00,18.32,18.32,18.32,18.32,300
INN,2017-07-10,11:50:00,18.32,18.32,18.32,18.32,100
INN,2017-07-10,11:51:00,18.32,18.32,18.31,18.32,927
INN,2017-07-10,11:52:00,18.32,18.32,18.31,18.31,400
INN,2017-07-10,11:53:00,18.31,18.31,18.31,18.31,100
INN,2017-07-10,11:54:00,18.31,18.31,18.31,18.31,100
INN,2017-07-10,11:55:00,18.32,18.32,18.32,18.32,1146
INN,2017-07-10,11:56:00,18.32,18.32,18.32,18.32,700
INN,2017-07-10,11:57:00,18.32,18.33,18.32,18.33,1100
INN,2017-07-10,11:58:00,18.33,18.33,18.33,18.33,200
INN,2017-07-10,12:00:00,18.33,18.33,18.33,18.33,200
INN,2017-07-10,12:01:00,18.33,18.33,18.33,18.33,300
INN,2017-07-10,12:02:00,18.33,18.33,18.33,18.33,702
INN,2017-07-10,12:03:00,18.33,18.34,18.33,18.33,2640
INN,2017-07-10,12:04:00,18.33,18.34,18.33,18.34,800
INN,2017-07-10,12:06:00,18.34,18.34,18.34,18.34,200
INN,2017-07-10,12:07:00,18.35,18.35,18.35,18.35,1200
INN,2017-07-10,12:10:00,18.34,18.34,18.34,18.34,300
INN,2017-07-10,12:16:00,18.35,18.35,18.35,18.35,100
INN,2017-07-10,12:17:00,18.34,18.34,18.32,18.32,5100
INN,2017-07-10,12:19:00,18.32,18.32,18.32,18.32,200
INN,2017-07-10,12:21:00,18.32,18.32,18.32,18.32,100
INN,2017-07-10,12:22:00,18.33,18.34,18.33,18.34,1250
INN,2017-07-10,12:23:00,18.34,18.34,18.33,18.33,811
INN,2017-07-10,12:24:00,18.32,18.32,18.30,18.31,8653
INN,2017-07-10,12:27:00,18.32,18.32,18.32,18.32,1300
INN,2017-07-10,12:28:00,18.33,18.34,18.33,18.34,200
INN,2017-07-10,12:30:00,18.33,18.33,18.33,18.33,200
INN,2017-07-10,12:33:00,18.34,18.34,18.34,18.34,400
INN,2017-07-10,12:34:00,18.34,18.34,18.31,18.32,7638
INN,2017-07-10,12:35:00,18.33,18.34,18.32,18.34,1002
INN,2017-07-10,12:37:00,18.34,18.34,18.32,18.33,1263
INN,2017-07-10,12:38:00,18.32,18.33,18.32,18.33,200
INN,2017-07-10,12:39:00,18.32,18.33,18.32,18.33,300
INN,2017-07-10,12:41:00,18.32,18.32,18.32,18.32,300
INN,2017-07-10,12:46:00,18.32,18.32,18.32,18.32,316
INN,2017-07-10,12:47:00,18.32,18.32,18.32,18.32,100
INN,2017-07-10,12:48:00,18.32,18.32,18.32,18.32,400
INN,2017-07-10,12:51:00,18.32,18.32,18.32,18.32,200
INN,2017-07-10,12:52:00,18.32,18.32,18.32,18.32,600
INN,2017-07-10,12:54:00,18.32,18.32,18.32,18.32,100
INN,2017-07-10,12:55:00,18.33,18.33,18.31,18.31,1100
INN,2017-07-10,12:59:00,18.32,18.32,18.30,18.30,1524
INN,2017-07-10,13:00:00,18.31,18.31,18.31,18.31,100
INN,2017-07-10,13:02:00,18.31,18.32,18.30,18.32,847
INN,2017-07-10,13:05:00,18.32,18.32,18.32,18.32,500
INN,2017-07-10,13:06:00,18.33,18.34,18.33,18.33,1091
INN,2017-07-10,13:08:00,18.32,18.32,18.32,18.32,623
INN,2017-07-10,13:09:00,18.32,18.32,18.32,18.32,375
INN,2017-07-10,13:13:00,18.32,18.32,18.32,18.32,800
INN,2017-07-10,13:15:00,18.31,18.31,18.29,18.29,1543
INN,2017-07-10,13:16:00,18.30,18.30,18.30,18.30,400
INN,2017-07-10,13:17:00,18.30,18.30,18.29,18.29,1424
INN,2017-07-10,13:18:00,18.30,18.30,18.30,18.30,200
INN,2017-07-10,13:20:00,18.29,18.29,18.29,18.29,565
INN,2017-07-10,13:21:00,18.28,18.28,18.28,18.28,100
INN,2017-07-10,13:23:00,18.29,18.29,18.28,18.28,500
INN,2017-07-10,13:24:00,18.29,18.29,18.29,18.29,100
INN,2017-07-10,13:26:00,18.28,18.28,18.28,18.28,300
INN,2017-07-10,13:27:00,18.28,18.29,18.28,18.29,300
INN,2017-07-10,13:28:00,18.29,18.29,18.28,18.28,700
INN,2017-07-10,13:29:00,18.29,18.29,18.28,18.29,2200
INN,2017-07-10,13:30:00,18.28,18.28,18.27,18.27,2212
INN,2017-07-10,13:31:00,18.28,18.28,18.27,18.27,300
INN,2017-07-10,13:32:00,18.27,18.27,18.27,18.27,100
INN,2017-07-10,13:34:00,18.27,18.27,18.27,18.27,100
INN,2017-07-10,13:35:00,18.27,18.27,18.25,18.25,6373
INN,2017-07-10,13:36:00,18.25,18.25,18.25,18.25,400
INN,2017-07-10,13:37:00,18.25,18.25,18.25,18.25,400
INN,2017-07-10,13:38:00,18.25,18.25,18.24,18.24,2783
INN,2017-07-10,13:40:00,18.24,18.24,18.24,18.24,908
INN,2017-07-10,13:41:00,18.23,18.23,18.22,18.22,2290
INN,2017-07-10,13:42:00,18.22,18.23,18.22,18.22,3000
INN,2017-07-10,13:43:00,18.22,18.22,18.20,18.20,5032
INN,2017-07-10,13:44:00,18.21,18.21,18.21,18.21,600
INN,2017-07-10,13:45:00,18.22,18.22,18.21,18.21,2758
INN,2017-07-10,13:46:00,18.21,18.22,18.21,18.21,500
INN,2017-07-10,13:47:00,18.21,18.21,18.20,18.20,800
INN,2017-07-10,13:48:00,18.21,18.21,18.20,18.20,200
INN,2017-07-10,13:51:00,18.20,18.20,18.20,18.20,500
INN,2017-07-10,13:52:00,18.20,18.22,18.20,18.22,3557
INN,2017-07-10,13:54:00,18.22,18.22,18.21,18.21,1600
INN,2017-07-10,13:55:00,18.21,18.22,18.21,18.22,200
INN,2017-07-10,13:56:00,18.21,18.21,18.21,18.21,2400
INN,2017-07-10,13:57:00,18.22,18.22,18.21,18.21,1900
INN,2017-07-10,13:58:00,18.21,18.21,18.20,18.20,3656
INN,2017-07-10,13:59:00,18.20,18.20,18.18,18.18,5354
INN,2017-07-10,14:00:00,18.17,18.18,18.16,18.16,2499
INN,2017-07-10,14:01:00,18.16,18.17,18.16,18.17,1234
INN,2017-07-10,14:02:00,18.17,18.17,18.17,18.17,600
INN,2017-07-10,14:04:00,18.16,18.16,18.16,18.16,1350
INN,2017-07-10,14:05:00,18.16,18.17,18.16,18.17,200
INN,2017-07-10,14:06:00,18.16,18.17,18.16,18.17,1000
INN,2017-07-10,14:07:00,18.18,18.18,18.18,18.18,200
INN,2017-07-10,14:08:00,18.18,18.18,18.18,18.18,100
INN,2017-07-10,14:10:00,18.18,18.19,18.18,18.19,2600
INN,2017-07-10,14:12:00,18.19,18.19,18.18,18.19,500
INN,2017-07-10,14:14:00,18.19,18.19,18.18,18.19,1900
INN,2017-07-10,14:15:00,18.20,18.20,18.18,18.18,7747
INN,2017-07-10,14:16:00,18.18,18.18,18.17,18.17,1500
INN,2017-07-10,14:19:00,18.17,18.17,18.16,18.16,1600
INN,2017-07-10,14:20:00,18.16,18.16,18.16,18.16,700
INN,2017-07-10,14:21:00,18.16,18.16,18.15,18.16,1100
INN,2017-07-10,14:22:00,18.16,18.17,18.16,18.17,4764
INN,2017-07-10,14:24:00,18.18,18.18,18.16,18.16,8900
INN,2017-07-10,14:25:00,18.16,18.16,18.16,18.16,3041
INN,2017-07-10,14:26:00,18.15,18.15,18.15,18.15,6961
INN,2017-07-10,14:27:00,18.14,18.14,18.14,18.14,500
INN,2017-07-10,14:29:00,18.14,18.14,18.14,18.14,200
INN,2017-07-10,14:31:00,18.14,18.14,18.13,18.13,1663
INN,2017-07-10,14:32:00,18.13,18.13,18.12,18.13,1505
INN,2017-07-10,14:33:00,18.12,18.12,18.12,18.12,100
INN,2017-07-10,14:34:00,18.12,18.12,18.12,18.12,100
INN,2017-07-10,14:35:00,18.13,18.13,18.13,18.13,100
INN,2017-07-10,14:36:00,18.13,18.13,18.12,18.12,900
INN,2017-07-10,14:37:00,18.12,18.12,18.12,18.12,2873
INN,2017-07-10,14:38:00,18.12,18.12,18.11,18.11,600
INN,2017-07-10,14:40:00,18.11,18.12,18.11,18.12,300
INN,2017-07-10,14:41:00,18.12,18.12,18.11,18.12,1000
INN,2017-07-10,14:42:00,18.11,18.12,18.10,18.11,11728
INN,2017-07-10,14:44:00,18.11,18.12,18.11,18.12,1761
INN,2017-07-10,14:45:00,18.12,18.13,18.12,18.13,3926
INN,2017-07-10,14:46:00,18.12,18.12,18.12,18.12,1500
INN,2017-07-10,14:47:00,18.12,18.12,18.12,18.12,100
INN,2017-07-10,14:48:00,18.11,18.11,18.11,18.11,200
INN,2017-07-10,14:50:00,18.11,18.12,18.11,18.11,1061
INN,2017-07-10,14:53:00,18.12,18.12,18.11,18.11,300
INN,2017-07-10,14:54:00,18.12,18.12,18.12,18.12,200
INN,2017-07-10,14:55:00,18.11,18.11,18.11,18.11,1300
INN,2017-07-10,14:56:00,18.11,18.11,18.11,18.11,2594
INN,2017-07-10,14:57:00,18.12,18.12,18.12,18.12,100
INN,2017-07-10,14:59:00,18.12,18.12,18.11,18.11,1600
INN,2017-07-10,15:00:00,18.11,18.11,18.10,18.10,296
INN,2017-07-10,15:01:00,18.10,18.11,18.10,18.11,233
INN,2017-07-10,15:02:00,18.11,18.11,18.11,18.11,100
INN,2017-07-10,15:03:00,18.11,18.11,18.11,18.11,300
INN,2017-07-10,15:05:00,18.11,18.11,18.11,18.11,828
INN,2017-07-10,15:06:00,18.11,18.11,18.11,18.11,2675
INN,2017-07-10,15:07:00,18.11,18.11,18.11,18.11,891
INN,2017-07-10,15:09:00,18.12,18.12,18.11,18.11,800
INN,2017-07-10,15:10:00,18.11,18.11,18.11,18.11,1100
INN,2017-07-10,15:11:00,18.11,18.11,18.10,18.11,2537
INN,2017-07-10,15:12:00,18.10,18.10,18.09,18.10,600
INN,2017-07-10,15:14:00,18.09,18.09,18.09,18.09,200
INN,2017-07-10,15:15:00,18.09,18.09,18.09,18.09,700
INN,2017-07-10,15:16:00,18.10,18.10,18.09,18.10,500
INN,2017-07-10,15:17:00,18.09,18.09,18.09,18.09,1996
INN,2017-07-10,15:18:00,18.08,18.08,18.07,18.07,1888
INN,2017-07-10,15:19:00,18.07,18.07,18.07,18.07,1000
INN,2017-07-10,15:20:00,18.08,18.08,18.08,18.08,400
INN,2017-07-10,15:21:00,18.08,18.08,18.05,18.06,7700
INN,2017-07-10,15:22:00,18.05,18.05,18.05,18.05,600
INN,2017-07-10,15:23:00,18.06,18.07,18.06,18.07,800
INN,2017-07-10,15:24:00,18.07,18.07,18.07,18.07,200
INN,2017-07-10,15:25:00,18.07,18.07,18.06,18.06,2714
INN,2017-07-10,15:26:00,18.06,18.06,18.06,18.06,1300
INN,2017-07-10,15:27:00,18.07,18.07,18.06,18.06,600
INN,2017-07-10,15:28:00,18.07,18.07,18.07,18.07,200
INN,2017-07-10,15:29:00,18.07,18.08,18.07,18.08,576
INN,2017-07-10,15:30:00,18.07,18.09,18.07,18.09,1300
INN,2017-07-10,15:31:00,18.09,18.09,18.09,18.09,600
INN,2017-07-10,15:32:00,18.09,18.09,18.09,18.09,5100
INN,2017-07-10,15:33:00,18.09,18.09,18.09,18.09,100
INN,2017-07-10,15:34:00,18.08,18.09,18.08,18.08,3322
INN,2017-07-10,15:35:00,18.08,18.08,18.08,18.08,362
INN,2017-07-10,15:36:00,18.08,18.08,18.08,18.08,300
INN,2017-07-10,15:37:00,18.08,18.08,18.08,18.08,100
INN,2017-07-10,15:38:00,18.08,18.08,18.08,18.08,500
INN,2017-07-10,15:39:00,18.08,18.08,18.08,18.08,600
INN,2017-07-10,15:40:00,18.08,18.08,18.08,18.08,500
INN,2017-07-10,15:41:00,18.08,18.08,18.08,18.08,1268
INN,2017-07-10,15:42:00,18.08,18.09,18.08,18.09,1500
INN,2017-07-10,15:43:00,18.09,18.09,18.09,18.09,1000
INN,2017-07-10,15:44:00,18.09,18.09,18.09,18.09,1000
INN,2017-07-10,15:45:00,18.09,18.10,18.09,18.09,5265
INN,2017-07-10,15:46:00,18.10,18.10,18.09,18.09,3603
INN,2017-07-10,15:47:00,18.09,18.09,18.08,18.08,11859
INN,2017-07-10,15:48:00,18.09,18.09,18.07,18.07,4293
INN,2017-07-10,15:49:00,18.07,18.08,18.07,18.07,17258
INN,2017-07-10,15:50:00,18.08,18.08,18.07,18.07,2817
INN,2017-07-10,15:51:00,18.07,18.08,18.07,18.07,1138
INN,2017-07-10,15:52:00,18.07,18.08,18.07,18.08,7900
INN,2017-07-10,15:53:00,18.07,18.07,18.07,18.07,1100
INN,2017-07-10,15:54:00,18.07,18.07,18.06,18.06,9046
INN,2017-07-10,15:55:00,18.06,18.07,18.06,18.07,9787
INN,2017-07-10,15:56:00,18.07,18.07,18.07,18.07,2299
INN,2017-07-10,15:57:00,18.07,18.07,18.05,18.05,16230
INN,2017-07-10,15:58:00,18.05,18.05,18.04,18.04,14687
INN,2017-07-10,15:59:00,18.05,18.05,18.03,18.04,18116
INN,2017-07-10,16:00:00,18.04,18.05,18.03,18.05,24303
INN,2017-07-11,09:30:00,18.18,18.18,18.18,18.18,11138
INN,2017-07-11,09:31:00,17.88,18.05,17.88,18.02,1800
INN,2017-07-11,09:32:00,18.09,18.11,18.09,18.11,400
INN,2017-07-11,09:33:00,18.11,18.11,18.11,18.11,100
INN,2017-07-11,09:35:00,18.09,18.09,18.06,18.06,200
INN,2017-07-11,09:36:00,18.07,18.09,18.05,18.06,2949
INN,2017-07-11,09:37:00,18.06,18.14,18.06,18.11,3534
INN,2017-07-11,09:38:00,18.13,18.13,18.13,18.13,800
INN,2017-07-11,09:39:00,18.13,18.13,18.12,18.12,1583
INN,2017-07-11,09:40:00,18.14,18.18,18.14,18.16,1700
INN,2017-07-11,09:41:00,18.16,18.16,18.13,18.15,3200
INN,2017-07-11,09:42:00,18.15,18.18,18.15,18.18,3751
INN,2017-07-11,09:43:00,18.19,18.19,18.19,18.19,1500
INN,2017-07-11,09:44:00,18.18,18.18,18.16,18.17,2500
INN,2017-07-11,09:45:00,18.17,18.19,18.17,18.18,2300
INN,2017-07-11,09:46:00,18.18,18.19,18.18,18.19,5240
INN,2017-07-11,09:47:00,18.20,18.20,18.18,18.18,2315
INN,2017-07-11,09:48:00,18.19,18.19,18.18,18.18,2103
INN,2017-07-11,09:49:00,18.19,18.19,18.18,18.18,1300
INN,2017-07-11,09:50:00,18.18,18.19,18.18,18.19,4519
INN,2017-07-11,09:51:00,18.19,18.21,18.19,18.21,3187
INN,2017-07-11,09:52:00,18.21,18.21,18.18,18.18,4200
INN,2017-07-11,09:53:00,18.17,18.17,18.16,18.16,500
INN,2017-07-11,09:54:00,18.17,18.17,18.17,18.17,700
INN,2017-07-11,09:55:00,18.17,18.17,18.15,18.15,1500
INN,2017-07-11,09:56:00,18.15,18.15,18.13,18.13,3700
INN,2017-07-11,09:57:00,18.13,18.13,18.12,18.13,699
INN,2017-07-11,09:58:00,18.13,18.13,18.13,18.13,100
INN,2017-07-11,09:59:00,18.13,18.13,18.12,18.12,1000
INN,2017-07-11,10:00:00,18.12,18.12,18.10,18.10,1781
INN,2017-07-11,10:01:00,18.11,18.12,18.11,18.12,2656
INN,2017-07-11,10:02:00,18.15,18.16,18.15,18.16,300
INN,2017-07-11,10:03:00,18.16,18.16,18.14,18.14,2400
INN,2017-07-11,10:04:00,18.14,18.15,18.14,18.15,1700
INN,2017-07-11,10:05:00,18.15,18.15,18.15,18.15,200
INN,2017-07-11,10:06:00,18.16,18.17,18.16,18.17,956
INN,2017-07-11,10:07:00,18.17,18.17,18.17,18.17,899
INN,2017-07-11,10:08:00,18.16,18.16,18.16,18.16,1600
INN,2017-07-11,10:09:00,18.15,18.16,18.14,18.14,800
INN,2017-07-11,10:10:00,18.15,18.15,18.14,18.14,1500
INN,2017-07-11,10:11:00,18.15,18.16,18.15,18.16,650
INN,2017-07-11,10:12:00,18.16,18.16,18.15,18.15,3000
INN,2017-07-11,10:13:00,18.15,18.15,18.14,18.14,5393
INN,2017-07-11,10:14:00,18.14,18.15,18.14,18.15,882
INN,2017-07-11,10:15:00,18.15,18.15,18.15,18.15,300
INN,2017-07-11,10:16:00,18.15,18.15,18.15,18.15,100
INN,2017-07-11,10:17:00,18.15,18.15,18.15,18.15,3259
INN,2017-07-11,10:18:00,18.15,18.15,18.15,18.15,900
INN,2017-07-11,10:19:00,18.15,18.15,18.13,18.15,5828
INN,2017-07-11,10:21:00,18.14,18.14,18.12,18.12,1140
INN,2017-07-11,10:22:00,18.12,18.13,18.12,18.13,400
INN,2017-07-11,10:23:00,18.13,18.14,18.13,18.14,800
INN,2017-07-11,10:24:00,18.13,18.14,18.13,18.13,700
INN,2017-07-11,10:25:00,18.13,18.13,18.13,18.13,1166
INN,2017-07-11,10:28:00,18.12,18.14,18.12,18.14,1500
INN,2017-07-11,10:31:00,18.15,18.15,18.15,18.15,413
INN,2017-07-11,10:32:00,18.16,18.16,18.16,18.16,700
INN,2017-07-11,10:33:00,18.17,18.17,18.17,18.17,100
INN,2017-07-11,10:34:00,18.17,18.17,18.17,18.17,841
INN,2017-07-11,10:35:00,18.17,18.17,18.17,18.17,800
INN,2017-07-11,10:36:00,18.18,18.18,18.18,18.18,400
INN,2017-07-11,10:37:00,18.18,18.19,18.18,18.19,1800
INN,2017-07-11,10:38:00,18.19,18.20,18.19,18.19,2836
INN,2017-07-11,10:39:00,18.19,18.19,18.19,18.19,1198
INN,2017-07-11,10:40:00,18.19,18.19,18.19,18.19,600
INN,2017-07-11,10:42:00,18.20,18.20,18.20,18.20,400
INN,2017-07-11,10:43:00,18.20,18.20,18.20,18.20,100
INN,2017-07-11,10:44:00,18.20,18.20,18.20,18.20,100
INN,2017-07-11,10:45:00,18.20,18.20,18.20,18.20,900
INN,2017-07-11,10:46:00,18.20,18.20,18.19,18.19,6477
INN,2017-07-11,10:47:00,18.19,18.19,18.19,18.19,100
INN,2017-07-11,10:48:00,18.18,18.18,18.18,18.18,1800
INN,2017-07-11,10:50:00,18.18,18.18,18.18,18.18,699
INN,2017-07-11,10:51:00,18.18,18.18,18.18,18.18,100
INN,2017-07-11,10:55:00,18.18,18.18,18.18,18.18,300
INN,2017-07-11,10:56:00,18.18,18.18,18.17,18.17,6253
INN,2017-07-11,10:57:00,18.17,18.18,18.16,18.16,3200
INN,2017-07-11,10:58:00,18.16,18.16,18.15,18.15,1600
INN,2017-07-11,10:59:00,18.16,18.16,18.16,18.16,100
INN,2017-07-11,11:00:00,18.16,18.18,18.16,18.18,2187
INN,2017-07-11,11:01:00,18.18,18.18,18.16,18.16,6280
INN,2017-07-11,11:02:00,18.16,18.16,18.16,18.16,100
INN,2017-07-11,11:03:00,18.16,18.16,18.16,18.16,675
INN,2017-07-11,11:04:00,18.17,18.17,18.16,18.16,900
INN,2017-07-11,11:05:00,18.17,18.17,18.17,18.17,1600
INN,2017-07-11,11:06:00,18.18,18.18,18.18,18.18,750
INN,2017-07-11,11:07:00,18.18,18.18,18.18,18.18,400
INN,2017-07-11,11:08:00,18.18,18.18,18.18,18.18,100
INN,2017-07-11,11:09:00,18.18,18.18,18.17,18.17,2701
INN,2017-07-11,11:10:00,18.16,18.16,18.16,18.16,400
INN,2017-07-11,11:11:00,18.16,18.17,18.16,18.17,527
INN,2017-07-11,11:12:00,18.16,18.16,18.16,18.16,2312
INN,2017-07-11,11:13:00,18.15,18.15,18.15,18.15,1600
INN,2017-07-11,11:14:00,18.14,18.14,18.14,18.14,200
INN,2017-07-11,11:15:00,18.15,18.16,18.15,18.16,1300
INN,2017-07-11,11:17:00,18.15,18.15,18.12,18.13,6854
INN,2017-07-11,11:18:00,18.14,18.14,18.12,18.12,4900
INN,2017-07-11,11:19:00,18.13,18.13,18.12,18.12,400
INN,2017-07-11,11:20:00,18.12,18.12,18.12,18.12,800
INN,2017-07-11,11:21:00,18.11,18.11,18.10,18.10,300
INN,2017-07-11,11:22:00,18.10,18.10,18.10,18.10,400
INN,2017-07-11,11:23:00,18.09,18.09,18.09,18.09,400
INN,2017-07-11,11:24:00,18.08,18.08,18.08,18.08,895
INN,2017-07-11,11:25:00,18.07,18.07,18.05,18.05,1700
INN,2017-07-11,11:26:00,18.05,18.05,18.02,18.03,3600
INN,2017-07-11,11:27:00,18.01,18.01,18.00,18.00,2700
INN,2017-07-11,11:28:00,18.01,18.04,18.01,18.04,623
INN,2017-07-11,11:29:00,18.04,18.05,18.04,18.04,900
INN,2017-07-11,11:30:00,18.04,18.05,18.04,18.04,300
INN,2017-07-11,11:31:00,18.05,18.06,18.05,18.06,1620
INN,2017-07-11,11:32:00,18.07,18.07,18.06,18.06,4000
INN,2017-07-11,11:33:00,18.07,18.08,18.07,18.07,9854
INN,2017-07-11,11:34:00,18.07,18.07,18.07,18.07,2100
INN,2017-07-11,11:35:00,18.07,18.07,18.07,18.07,5000
INN,2017-07-11,11:37:00,18.07,18.07,18.06,18.06,3600
INN,2017-07-11,11:38:00,18.07,18.07,18.07,18.07,100
INN,2017-07-11,11:39:00,18.07,18.08,18.07,18.08,3200
INN,2017-07-11,11:40:00,18.08,18.08,18.07,18.08,6644
INN,2017-07-11,11:41:00,18.07,18.08,18.04,18.06,12775
INN,2017-07-11,11:42:00,18.07,18.07,18.07,18.07,429
INN,2017-07-11,11:43:00,18.06,18.07,18.06,18.07,900
INN,2017-07-11,11:44:00,18.07,18.07,18.07,18.07,2863
INN,2017-07-11,11:45:00,18.07,18.09,18.07,18.07,6886
INN,2017-07-11,11:46:00,18.07,18.08,18.07,18.08,300
INN,2017-07-11,11:47:00,18.07,18.11,18.07,18.11,1889
INN,2017-07-11,11:48:00,18.11,18.11,18.11,18.11,210
INN,2017-07-11,11:49:00,18.11,18.11,18.11,18.11,200
INN,2017-07-11,11:50:00,18.11,18.11,18.11,18.11,100
INN,2017-07-11,11:51:00,18.12,18.12,18.12,18.12,100
INN,2017-07-11,11:52:00,18.12,18.12,18.12,18.12,100
INN,2017-07-11,11:53:00,18.12,18.12,18.12,18.12,100
INN,2017-07-11,11:54:00,18.12,18.15,18.12,18.15,1700
INN,2017-07-11,11:56:00,18.15,18.15,18.15,18.15,100
INN,2017-07-11,11:57:00,18.15,18.16,18.15,18.16,900
INN,2017-07-11,11:58:00,18.16,18.16,18.16,18.16,100
INN,2017-07-11,11:59:00,18.15,18.16,18.15,18.15,2100
INN,2017-07-11,12:00:00,18.15,18.15,18.15,18.15,500
INN,2017-07-11,12:01:00,18.16,18.18,18.16,18.18,700
INN,2017-07-11,12:02:00,18.18,18.18,18.18,18.18,200
INN,2017-07-11,12:03:00,18.18,18.20,18.18,18.20,1050
INN,2017-07-11,12:04:00,18.20,18.20,18.20,18.20,715
INN,2017-07-11,12:05:00,18.20,18.20,18.20,18.20,100
INN,2017-07-11,12:07:00,18.20,18.20,18.20,18.20,100
INN,2017-07-11,12:08:00,18.20,18.20,18.19,18.20,604
INN,2017-07-11,12:09:00,18.20,18.20,18.20,18.20,250
INN,2017-07-11,12:10:00,18.19,18.20,18.19,18.20,1000
INN,2017-07-11,12:11:00,18.20,18.20,18.20,18.20,5878
INN,2017-07-11,12:12:00,18.20,18.20,18.18,18.18,4304
INN,2017-07-11,12:13:00,18.17,18.17,18.16,18.17,1500
INN,2017-07-11,12:14:00,18.18,18.18,18.17,18.17,550
INN,2017-07-11,12:15:00,18.18,18.18,18.18,18.18,900
INN,2017-07-11,12:17:00,18.18,18.18,18.18,18.18,1300
INN,2017-07-11,12:18:00,18.18,18.18,18.18,18.18,900
INN,2017-07-11,12:19:00,18.18,18.18,18.17,18.17,526
INN,2017-07-11,12:21:00,18.18,18.18,18.18,18.18,692
INN,2017-07-11,12:22:00,18.18,18.19,18.18,18.19,3400
INN,2017-07-11,12:25:00,18.19,18.19,18.18,18.18,3400
INN,2017-07-11,12:26:00,18.18,18.18,18.18,18.18,200
INN,2017-07-11,12:27:00,18.18,18.18,18.18,18.18,372
INN,2017-07-11,12:28:00,18.17,18.17,18.17,18.17,1482
INN,2017-07-11,12:30:00,18.17,18.18,18.17,18.18,1704
INN,2017-07-11,12:31:00,18.18,18.18,18.18,18.18,2674
INN,2017-07-11,12:32:00,18.18,18.18,18.18,18.18,100
INN,2017-07-11,12:33:00,18.17,18.18,18.17,18.18,500
INN,2017-07-11,12:35:00,18.18,18.18,18.16,18.16,2483
INN,2017-07-11,12:36:00,18.16,18.16,18.16,18.16,963
INN,2017-07-11,12:37:00,18.16,18.16,18.16,18.16,200
INN,2017-07-11,12:38:00,18.16,18.17,18.16,18.17,300
INN,2017-07-11,12:40:00,18.16,18.16,18.12,18.13,4600
INN,2017-07-11,12:41:00,18.14,18.14,18.14,18.14,1650
INN,2017-07-11,12:42:00,18.13,18.13,18.13,18.13,722
INN,2017-07-11,12:43:00,18.11,18.12,18.11,18.12,900
INN,2017-07-11,12:44:00,18.11,18.11,18.10,18.11,2600
INN,2017-07-11,12:45:00,18.11,18.12,18.11,18.12,800
INN,2017-07-11,12:46:00,18.12,18.12,18.11,18.12,3790
INN,2017-07-11,12:48:00,18.12,18.13,18.11,18.11,3711
INN,2017-07-11,12:49:00,18.11,18.12,18.11,18.12,825
INN,2017-07-11,12:50:00,18.12,18.13,18.12,18.13,700
INN,2017-07-11,12:51:00,18.13,18.13,18.13,18.13,1000
INN,2017-07-11,12:52:00,18.13,18.14,18.13,18.14,1032
INN,2017-07-11,12:54:00,18.14,18.14,18.14,18.14,1389
INN,2017-07-11,12:55:00,18.14,18.14,18.14,18.14,100
INN,2017-07-11,12:56:00,18.14,18.14,18.13,18.13,2352
INN,2017-07-11,12:57:00,18.13,18.13,18.12,18.13,1270
INN,2017-07-11,12:58:00,18.12,18.12,18.12,18.12,900
INN,2017-07-11,13:01:00,18.12,18.13,18.12,18.12,500
INN,2017-07-11,13:02:00,18.12,18.12,18.12,18.12,176
INN,2017-07-11,13:03:00,18.13,18.13,18.12,18.12,2000
INN,2017-07-11,13:04:00,18.11,18.12,18.11,18.11,400
INN,2017-07-11,13:05:00,18.11,18.12,18.11,18.12,700
INN,2017-07-11,13:06:00,18.11,18.11,18.11,18.11,3500
INN,2017-07-11,13:07:00,18.11,18.11,18.11,18.11,100
INN,2017-07-11,13:08:00,18.11,18.11,18.11,18.11,200
INN,2017-07-11,13:09:00,18.12,18.12,18.12,18.12,100
INN,2017-07-11,13:11:00,18.11,18.11,18.11,18.11,2410
INN,2017-07-11,13:12:00,18.11,18.11,18.11,18.11,900
INN,2017-07-11,13:13:00,18.11,18.11,18.10,18.10,923
INN,2017-07-11,13:14:00,18.11,18.11,18.09,18.09,1300
INN,2017-07-11,13:15:00,18.09,18.09,18.09,18.09,647
INN,2017-07-11,13:16:00,18.08,18.09,18.08,18.09,1100
INN,2017-07-11,13:17:00,18.09,18.09,18.09,18.09,100
INN,2017-07-11,13:18:00,18.09,18.09,18.08,18.08,1600
INN,2017-07-11,13:19:00,18.08,18.08,18.08,18.08,806
INN,2017-07-11,13:20:00,18.07,18.08,18.07,18.08,1397
INN,2017-07-11,13:21:00,18.08,18.08,18.07,18.07,3749
INN,2017-07-11,13:22:00,18.07,18.07,18.07,18.07,110
INN,2017-07-11,13:23:00,18.07,18.07,18.07,18.07,100
INN,2017-07-11,13:24:00,18.07,18.07,18.06,18.06,4000
INN,2017-07-11,13:25:00,18.07,18.07,18.07,18.07,600
INN,2017-07-11,13:28:00,18.07,18.08,18.07,18.08,2700
INN,2017-07-11,13:29:00,18.08,18.08,18.07,18.07,400
INN,2017-07-11,13:30:00,18.08,18.08,18.08,18.08,200
INN,2017-07-11,13:31:00,18.07,18.08,18.07,18.07,2500
INN,2017-07-11,13:32:00,18.08,18.08,18.07,18.07,2099
INN,2017-07-11,13:33:00,18.07,18.07,18.07,18.07,132
INN,2017-07-11,13:34:00,18.07,18.07,18.07,18.07,300
INN,2017-07-11,13:35:00,18.07,18.07,18.07,18.07,200
INN,2017-07-11,13:36:00,18.07,18.07,18.07,18.07,1591
INN,2017-07-11,13:37:00,18.06,18.07,18.06,18.06,2700
INN,2017-07-11,13:39:00,18.06,18.06,18.05,18.06,1586
INN,2017-07-11,13:41:00,18.06,18.06,18.05,18.05,1188
INN,2017-07-11,13:42:00,18.06,18.06,18.06,18.06,2922
INN,2017-07-11,13:43:00,18.06,18.09,18.06,18.09,4486
INN,2017-07-11,13:44:00,18.10,18.11,18.10,18.11,519
INN,2017-07-11,13:45:00,18.11,18.12,18.11,18.11,4052
INN,2017-07-11,13:46:00,18.11,18.11,18.11,18.11,1300
INN,2017-07-11,13:47:00,18.11,18.12,18.11,18.12,1400
INN,2017-07-11,13:48:00,18.12,18.12,18.12,18.12,100
INN,2017-07-11,13:49:00,18.12,18.12,18.12,18.12,100
INN,2017-07-11,13:50:00,18.11,18.12,18.11,18.11,700
INN,2017-07-11,13:51:00,18.12,18.12,18.11,18.12,2200
INN,2017-07-11,13:52:00,18.11,18.11,18.11,18.11,4421
INN,2017-07-11,13:53:00,18.11,18.11,18.11,18.11,100
INN,2017-07-11,13:54:00,18.11,18.11,18.11,18.11,237
INN,2017-07-11,13:55:00,18.11,18.11,18.11,18.11,1306
INN,2017-07-11,13:57:00,18.11,18.11,18.11,18.11,100
INN,2017-07-11,13:58:00,18.11,18.11,18.10,18.10,2300
INN,2017-07-11,13:59:00,18.11,18.11,18.11,18.11,200
INN,2017-07-11,14:00:00,18.11,18.11,18.11,18.11,272
INN,2017-07-11,14:01:00,18.11,18.11,18.11,18.11,1000
INN,2017-07-11,14:02:00,18.11,18.12,18.11,18.11,4302
INN,2017-07-11,14:03:00,18.10,18.11,18.10,18.11,1501
INN,2017-07-11,14:04:00,18.11,18.11,18.11,18.11,200
INN,2017-07-11,14:05:00,18.11,18.11,18.11,18.11,100
INN,2017-07-11,14:06:00,18.10,18.10,18.09,18.09,2959
INN,2017-07-11,14:08:00,18.10,18.10,18.09,18.10,2534
INN,2017-07-11,14:09:00,18.10,18.10,18.10,18.10,100
INN,2017-07-11,14:10:00,18.09,18.09,18.09,18.09,100
INN,2017-07-11,14:11:00,18.09,18.10,18.09,18.10,4095
INN,2017-07-11,14:12:00,18.10,18.10,18.08,18.08,7759
INN,2017-07-11,14:13:00,18.09,18.09,18.09,18.09,3024
INN,2017-07-11,14:14:00,18.09,18.09,18.07,18.09,12420
INN,2017-07-11,14:15:00,18.08,18.08,18.07,18.07,900
INN,2017-07-11,14:16:00,18.08,18.08,18.08,18.08,100
INN,2017-07-11,14:17:00,18.08,18.08,18.07,18.08,1000
INN,2017-07-11,14:18:00,18.07,18.07,18.07,18.07,198
INN,2017-07-11,14:19:00,18.07,18.07,18.07,18.07,300
INN,2017-07-11,14:20:00,18.07,18.07,18.07,18.07,3167
INN,2017-07-11,14:22:00,18.07,18.07,18.06,18.06,741
INN,2017-07-11,14:23:00,18.06,18.06,18.06,18.06,2347
INN,2017-07-11,14:24:00,18.06,18.06,18.06,18.06,100
INN,2017-07-11,14:25:00,18.07,18.07,18.06,18.06,400
INN,2017-07-11,14:26:00,18.07,18.07,18.07,18.07,200
INN,2017-07-11,14:27:00,18.07,18.07,18.07,18.07,700
INN,2017-07-11,14:28:00,18.07,18.07,18.07,18.07,2400
INN,2017-07-11,14:29:00,18.07,18.07,18.07,18.07,200
INN,2017-07-11,14:30:00,18.06,18.08,18.06,18.07,7314
INN,2017-07-11,14:31:00,18.08,18.09,18.08,18.08,1825
INN,2017-07-11,14:32:00,18.09,18.10,18.09,18.10,1600
INN,2017-07-11,14:33:00,18.09,18.10,18.09,18.09,2400
INN,2017-07-11,14:34:00,18.10,18.10,18.09,18.09,2587
INN,2017-07-11,14:35:00,18.09,18.09,18.08,18.09,4420
INN,2017-07-11,14:36:00,18.10,18.10,18.10,18.10,100
INN,2017-07-11,14:37:00,18.09,18.10,18.09,18.09,900
INN,2017-07-11,14:38:00,18.09,18.09,18.09,18.09,6199
INN,2017-07-11,14:39:00,18.09,18.10,18.09,18.10,1300
INN,2017-07-11,14:40:00,18.09,18.09,18.07,18.07,3922
INN,2017-07-11,14:41:00,18.07,18.07,18.06,18.06,3746
INN,2017-07-11,14:42:00,18.07,18.07,18.07,18.07,5417
INN,2017-07-11,14:44:00,18.08,18.08,18.07,18.07,1600
INN,2017-07-11,14:45:00,18.07,18.07,18.07,18.07,100
INN,2017-07-11,14:46:00,18.07,18.07,18.07,18.07,136
INN,2017-07-11,14:47:00,18.08,18.08,18.07,18.07,1200
INN,2017-07-11,14:49:00,18.07,18.08,18.07,18.07,1728
INN,2017-07-11,14:50:00,18.08,18.08,18.08,18.08,717
INN,2017-07-11,14:51:00,18.08,18.08,18.07,18.07,600
INN,2017-07-11,14:52:00,18.07,18.08,18.07,18.08,3670
INN,2017-07-11,14:53:00,18.08,18.08,18.07,18.07,400
INN,2017-07-11,14:54:00,18.07,18.07,18.06,18.06,5151
INN,2017-07-11,14:55:00,18.06,18.06,18.06,18.06,1300
INN,2017-07-11,14:56:00,18.05,18.07,18.05,18.06,7030
INN,2017-07-11,14:57:00,18.06,18.06,18.05,18.05,1900
INN,2017-07-11,14:58:00,18.05,18.07,18.05,18.07,2800
INN,2017-07-11,14:59:00,18.07,18.07,18.07,18.07,1951
INN,2017-07-11,15:00:00,18.07,18.07,18.07,18.07,999
INN,2017-07-11,15:01:00,18.07,18.07,18.07,18.07,521
INN,2017-07-11,15:02:00,18.07,18.07,18.06,18.06,200
INN,2017-07-11,15:03:00,18.07,18.07,18.07,18.07,2400
INN,2017-07-11,15:04:00,18.08,18.08,18.08,18.08,1889
INN,2017-07-11,15:05:00,18.08,18.08,18.07,18.08,1000
INN,2017-07-11,15:06:00,18.08,18.08,18.08,18.08,400
INN,2017-07-11,15:07:00,18.08,18.09,18.08,18.09,2200
INN,2017-07-11,15:08:00,18.09,18.11,18.09,18.11,2700
INN,2017-07-11,15:09:00,18.11,18.11,18.11,18.11,200
INN,2017-07-11,15:10:00,18.11,18.12,18.11,18.11,2600
INN,2017-07-11,15:11:00,18.12,18.12,18.11,18.12,2800
INN,2017-07-11,15:12:00,18.13,18.13,18.12,18.12,2275
INN,2017-07-11,15:13:00,18.13,18.13,18.13,18.13,200
INN,2017-07-11,15:14:00,18.12,18.12,18.11,18.11,10408
INN,2017-07-11,15:15:00,18.11,18.11,18.11,18.11,400
INN,2017-07-11,15:16:00,18.12,18.12,18.12,18.12,300
INN,2017-07-11,15:17:00,18.12,18.12,18.12,18.12,100
INN,2017-07-11,15:18:00,18.11,18.12,18.11,18.12,200
INN,2017-07-11,15:19:00,18.11,18.11,18.11,18.11,2600
INN,2017-07-11,15:20:00,18.11,18.11,18.09,18.09,5200
INN,2017-07-11,15:21:00,18.09,18.09,18.09,18.09,100
INN,2017-07-11,15:22:00,18.09,18.09,18.09,18.09,2700
INN,2017-07-11,15:23:00,18.08,18.09,18.07,18.09,12232
INN,2017-07-11,15:24:00,18.09,18.10,18.09,18.10,900
INN,2017-07-11,15:25:00,18.10,18.10,18.10,18.10,1500
INN,2017-07-11,15:27:00,18.11,18.11,18.11,18.11,3100
INN,2017-07-11,15:28:00,18.11,18.13,18.11,18.13,3254
INN,2017-07-11,15:29:00,18.13,18.13,18.13,18.13,2486
INN,2017-07-11,15:31:00,18.12,18.13,18.12,18.12,400
INN,2017-07-11,15:32:00,18.13,18.14,18.13,18.14,4529
INN,2017-07-11,15:33:00,18.14,18.14,18.13,18.14,2300
INN,2017-07-11,15:34:00,18.14,18.14,18.13,18.13,3000
INN,2017-07-11,15:35:00,18.14,18.14,18.14,18.14,1000
INN,2017-07-11,15:36:00,18.14,18.14,18.13,18.13,800
INN,2017-07-11,15:37:00,18.13,18.14,18.13,18.13,800
INN,2017-07-11,15:38:00,18.14,18.14,18.13,18.14,1500
INN,2017-07-11,15:39:00,18.14,18.14,18.13,18.14,2000
INN,2017-07-11,15:40:00,18.14,18.14,18.14,18.14,1600
INN,2017-07-11,15:41:00,18.14,18.14,18.13,18.14,3700
INN,2017-07-11,15:42:00,18.14,18.14,18.14,18.14,1650
INN,2017-07-11,15:43:00,18.14,18.14,18.14,18.14,700
INN,2017-07-11,15:44:00,18.14,18.14,18.14,18.14,3710
INN,2017-07-11,15:45:00,18.14,18.15,18.14,18.14,23882
INN,2017-07-11,15:46:00,18.14,18.14,18.14,18.14,6200
INN,2017-07-11,15:47:00,18.13,18.14,18.13,18.14,4000
INN,2017-07-11,15:48:00,18.14,18.14,18.14,18.14,1200
INN,2017-07-11,15:49:00,18.14,18.14,18.13,18.14,2200
INN,2017-07-11,15:50:00,18.14,18.14,18.14,18.14,3986
INN,2017-07-11,15:51:00,18.14,18.14,18.14,18.14,4238
INN,2017-07-11,15:52:00,18.14,18.14,18.13,18.13,26964
INN,2017-07-11,15:53:00,18.12,18.12,18.12,18.12,2360
INN,2017-07-11,15:54:00,18.12,18.13,18.12,18.13,900
INN,2017-07-11,15:55:00,18.13,18.13,18.12,18.13,5997
INN,2017-07-11,15:56:00,18.12,18.13,18.12,18.12,7300
INN,2017-07-11,15:57:00,18.12,18.13,18.12,18.12,8500
INN,2017-07-11,15:58:00,18.12,18.13,18.12,18.13,29908
INN,2017-07-11,15:59:00,18.13,18.13,18.12,18.12,9520
INN,2017-07-11,16:00:00,18.12,18.13,18.12,18.13,38750
INN,2017-07-12,09:30:00,18.27,18.29,18.27,18.29,5114
INN,2017-07-12,09:32:00,18.26,18.32,18.26,18.31,2051
INN,2017-07-12,09:33:00,18.32,18.37,18.32,18.37,800
INN,2017-07-12,09:34:00,18.39,18.40,18.37,18.37,3675
INN,2017-07-12,09:35:00,18.39,18.39,18.39,18.39,600
INN,2017-07-12,09:36:00,18.40,18.40,18.36,18.36,1800
INN,2017-07-12,09:37:00,18.35,18.35,18.35,18.35,400
INN,2017-07-12,09:38:00,18.35,18.35,18.35,18.35,400
INN,2017-07-12,09:39:00,18.36,18.37,18.36,18.36,1897
INN,2017-07-12,09:40:00,18.38,18.39,18.38,18.39,1795
INN,2017-07-12,09:41:00,18.39,18.41,18.39,18.40,1600
INN,2017-07-12,09:42:00,18.40,18.40,18.38,18.38,2690
INN,2017-07-12,09:43:00,18.38,18.40,18.38,18.40,2416
INN,2017-07-12,09:44:00,18.39,18.41,18.38,18.41,1500
INN,2017-07-12,09:45:00,18.40,18.40,18.39,18.39,808
INN,2017-07-12,09:46:00,18.38,18.38,18.36,18.36,744
INN,2017-07-12,09:47:00,18.35,18.35,18.33,18.34,1601
INN,2017-07-12,09:48:00,18.34,18.36,18.34,18.36,1700
INN,2017-07-12,09:49:00,18.35,18.35,18.34,18.34,961
INN,2017-07-12,09:50:00,18.35,18.35,18.34,18.34,400
INN,2017-07-12,09:51:00,18.35,18.36,18.35,18.36,2000
INN,2017-07-12,09:52:00,18.35,18.35,18.34,18.34,1100
INN,2017-07-12,09:53:00,18.34,18.35,18.34,18.34,1547
INN,2017-07-12,09:54:00,18.34,18.34,18.32,18.32,1308
INN,2017-07-12,09:55:00,18.32,18.34,18.32,18.34,1200
INN,2017-07-12,09:56:00,18.35,18.35,18.34,18.35,2000
INN,2017-07-12,09:57:00,18.34,18.34,18.31,18.31,800
INN,2017-07-12,09:58:00,18.31,18.31,18.30,18.30,1584
INN,2017-07-12,09:59:00,18.30,18.31,18.30,18.30,3102
INN,2017-07-12,10:00:00,18.30,18.39,18.30,18.39,8984
INN,2017-07-12,10:01:00,18.40,18.40,18.34,18.35,3650
INN,2017-07-12,10:02:00,18.35,18.35,18.31,18.33,2900
INN,2017-07-12,10:03:00,18.33,18.33,18.32,18.32,1145
INN,2017-07-12,10:06:00,18.33,18.35,18.33,18.35,1063
INN,2017-07-12,10:07:00,18.34,18.34,18.33,18.33,1362
INN,2017-07-12,10:08:00,18.32,18.32,18.32,18.32,1000
INN,2017-07-12,10:09:00,18.34,18.34,18.33,18.34,1200
INN,2017-07-12,10:10:00,18.35,18.35,18.34,18.34,1000
INN,2017-07-12,10:11:00,18.33,18.33,18.31,18.32,3278
INN,2017-07-12,10:12:00,18.32,18.32,18.32,18.32,100
INN,2017-07-12,10:13:00,18.32,18.33,18.32,18.33,600
INN,2017-07-12,10:14:00,18.33,18.34,18.33,18.34,3877
INN,2017-07-12,10:15:00,18.34,18.34,18.34,18.34,725
INN,2017-07-12,10:16:00,18.35,18.35,18.33,18.35,2150
INN,2017-07-12,10:17:00,18.35,18.35,18.34,18.34,600
INN,2017-07-12,10:19:00,18.34,18.34,18.32,18.32,1000
INN,2017-07-12,10:20:00,18.33,18.34,18.33,18.34,900
INN,2017-07-12,10:21:00,18.34,18.35,18.34,18.34,2421
INN,2017-07-12,10:22:00,18.34,18.34,18.33,18.33,700
INN,2017-07-12,10:23:00,18.32,18.32,18.32,18.32,1000
INN,2017-07-12,10:24:00,18.32,18.32,18.30,18.30,1493
INN,2017-07-12,10:25:00,18.29,18.29,18.29,18.29,100
INN,2017-07-12,10:26:00,18.29,18.30,18.29,18.29,2400
INN,2017-07-12,10:27:00,18.28,18.28,18.28,18.28,150
INN,2017-07-12,10:28:00,18.29,18.30,18.29,18.30,1332
INN,2017-07-12,10:30:00,18.29,18.29,18.27,18.27,1500
INN,2017-07-12,10:31:00,18.27,18.27,18.27,18.27,200
INN,2017-07-12,10:32:00,18.27,18.28,18.27,18.28,1169
INN,2017-07-12,10:33:00,18.29,18.29,18.29,18.29,300
INN,2017-07-12,10:34:00,18.29,18.31,18.29,18.31,1581
INN,2017-07-12,10:35:00,18.31,18.31,18.29,18.29,3734
INN,2017-07-12,10:36:00,18.29,18.29,18.27,18.27,900
INN,2017-07-12,10:38:00,18.26,18.26,18.26,18.26,100
INN,2017-07-12,10:39:00,18.26,18.26,18.26,18.26,601
INN,2017-07-12,10:41:00,18.25,18.25,18.24,18.24,1201
INN,2017-07-12,10:42:00,18.24,18.24,18.23,18.23,1703
INN,2017-07-12,10:43:00,18.22,18.23,18.21,18.23,2249
INN,2017-07-12,10:44:00,18.22,18.22,18.22,18.22,1000
INN,2017-07-12,10:45:00,18.21,18.21,18.20,18.20,900
INN,2017-07-12,10:46:00,18.20,18.21,18.20,18.21,973
INN,2017-07-12,10:47:00,18.22,18.22,18.22,18.22,500
INN,2017-07-12,10:48:00,18.22,18.24,18.22,18.24,1832
INN,2017-07-12,10:49:00,18.24,18.25,18.24,18.25,700
INN,2017-07-12,10:50:00,18.25,18.26,18.25,18.25,1000
INN,2017-07-12,10:51:00,18.25,18.25,18.24,18.24,600
INN,2017-07-12,10:52:00,18.24,18.26,18.24,18.26,3000
INN,2017-07-12,10:53:00,18.26,18.26,18.25,18.25,1400
INN,2017-07-12,10:55:00,18.24,18.24,18.24,18.24,2444
INN,2017-07-12,10:57:00,18.24,18.25,18.24,18.25,700
INN,2017-07-12,10:58:00,18.25,18.25,18.24,18.24,2110
INN,2017-07-12,11:00:00,18.25,18.25,18.25,18.25,900
INN,2017-07-12,11:01:00,18.26,18.26,18.25,18.26,1700
INN,2017-07-12,11:02:00,18.25,18.25,18.23,18.24,5101
INN,2017-07-12,11:03:00,18.23,18.23,18.23,18.23,200
INN,2017-07-12,11:04:00,18.23,18.23,18.22,18.23,1300
INN,2017-07-12,11:05:00,18.23,18.24,18.23,18.24,1700
INN,2017-07-12,11:08:00,18.26,18.26,18.26,18.26,400
INN,2017-07-12,11:09:00,18.25,18.25,18.25,18.25,800
INN,2017-07-12,11:10:00,18.25,18.25,18.25,18.25,1881
INN,2017-07-12,11:11:00,18.25,18.25,18.25,18.25,1102
INN,2017-07-12,11:12:00,18.26,18.30,18.26,18.30,4300
INN,2017-07-12,11:14:00,18.30,18.32,18.30,18.32,1000
INN,2017-07-12,11:15:00,18.33,18.33,18.31,18.31,2536
INN,2017-07-12,11:16:00,18.30,18.31,18.30,18.30,1100
INN,2017-07-12,11:17:00,18.30,18.30,18.29,18.29,1300
INN,2017-07-12,11:18:00,18.28,18.28,18.28,18.28,680
INN,2017-07-12,11:19:00,18.28,18.29,18.28,18.29,1300
INN,2017-07-12,11:20:00,18.30,18.32,18.30,18.32,1560
INN,2017-07-12,11:21:00,18.32,18.32,18.32,18.32,200
INN,2017-07-12,11:22:00,18.31,18.31,18.31,18.31,1058
INN,2017-07-12,11:23:00,18.30,18.30,18.30,18.30,3904
INN,2017-07-12,11:24:00,18.30,18.30,18.30,18.30,858
INN,2017-07-12,11:26:00,18.30,18.30,18.30,18.30,300
INN,2017-07-12,11:27:00,18.30,18.30,18.30,18.30,100
INN,2017-07-12,11:28:00,18.30,18.30,18.29,18.29,1783
INN,2017-07-12,11:29:00,18.29,18.31,18.29,18.31,2202
INN,2017-07-12,11:30:00,18.31,18.32,18.31,18.32,400
INN,2017-07-12,11:31:00,18.32,18.32,18.32,18.32,1000
INN,2017-07-12,11:32:00,18.32,18.32,18.32,18.32,400
INN,2017-07-12,11:33:00,18.32,18.32,18.32,18.32,200
INN,2017-07-12,11:34:00,18.32,18.32,18.32,18.32,200
INN,2017-07-12,11:35:00,18.31,18.32,18.29,18.29,3705
INN,2017-07-12,11:36:00,18.29,18.29,18.29,18.29,600
INN,2017-07-12,11:38:00,18.29,18.29,18.29,18.29,1316
INN,2017-07-12,11:39:00,18.29,18.29,18.29,18.29,100
INN,2017-07-12,11:40:00,18.30,18.30,18.30,18.30,2432
INN,2017-07-12,11:41:00,18.30,18.30,18.29,18.29,1746
INN,2017-07-12,11:42:00,18.29,18.29,18.29,18.29,1618
INN,2017-07-12,11:43:00,18.29,18.29,18.29,18.29,100
INN,2017-07-12,11:44:00,18.28,18.28,18.28,18.28,1026
INN,2017-07-12,11:45:00,18.28,18.28,18.28,18.28,100
INN,2017-07-12,11:46:00,18.28,18.28,18.28,18.28,500
INN,2017-07-12,11:47:00,18.29,18.29,18.29,18.29,300
INN,2017-07-12,11:49:00,18.30,18.30,18.30,18.30,700
INN,2017-07-12,11:50:00,18.30,18.30,18.30,18.30,300
INN,2017-07-12,11:51:00,18.29,18.30,18.29,18.29,3241
INN,2017-07-12,11:52:00,18.29,18.29,18.29,18.29,100
INN,2017-07-12,11:55:00,18.28,18.28,18.28,18.28,2100
INN,2017-07-12,11:56:00,18.27,18.29,18.27,18.29,1300
INN,2017-07-12,11:57:00,18.28,18.28,18.28,18.28,300
INN,2017-07-12,11:58:00,18.29,18.29,18.29,18.29,100
INN,2017-07-12,11:59:00,18.29,18.29,18.29,18.29,1200
INN,2017-07-12,12:00:00,18.30,18.31,18.30,18.31,900
INN,2017-07-12,12:01:00,18.31,18.31,18.30,18.31,400
INN,2017-07-12,12:02:00,18.30,18.30,18.28,18.29,4474
INN,2017-07-12,12:03:00,18.30,18.31,18.30,18.30,3954
INN,2017-07-12,12:05:00,18.31,18.31,18.30,18.30,300
INN,2017-07-12,12:06:00,18.30,18.30,18.30,18.30,1500
INN,2017-07-12,12:07:00,18.29,18.29,18.29,18.29,1000
INN,2017-07-12,12:08:00,18.29,18.30,18.29,18.30,545
INN,2017-07-12,12:09:00,18.31,18.31,18.30,18.30,700
INN,2017-07-12,12:11:00,18.30,18.30,18.30,18.30,100
INN,2017-07-12,12:12:00,18.30,18.30,18.30,18.30,1915
INN,2017-07-12,12:13:00,18.30,18.30,18.28,18.28,3617
INN,2017-07-12,12:14:00,18.28,18.28,18.28,18.28,400
INN,2017-07-12,12:15:00,18.28,18.28,18.28,18.28,100
INN,2017-07-12,12:16:00,18.28,18.28,18.27,18.28,1300
INN,2017-07-12,12:17:00,18.29,18.29,18.29,18.29,100
INN,2017-07-12,12:18:00,18.29,18.29,18.29,18.29,600
INN,2017-07-12,12:19:00,18.29,18.29,18.29,18.29,100
INN,2017-07-12,12:21:00,18.29,18.31,18.29,18.31,800
INN,2017-07-12,12:22:00,18.32,18.32,18.31,18.31,1468
INN,2017-07-12,12:23:00,18.32,18.32,18.30,18.31,1200
INN,2017-07-12,12:24:00,18.31,18.31,18.31,18.31,300
INN,2017-07-12,12:26:00,18.32,18.32,18.32,18.32,400
INN,2017-07-12,12:27:00,18.32,18.33,18.32,18.33,500
INN,2017-07-12,12:28:00,18.32,18.33,18.32,18.32,2356
INN,2017-07-12,12:29:00,18.32,18.32,18.32,18.32,2800
INN,2017-07-12,12:30:00,18.32,18.32,18.32,18.32,903
INN,2017-07-12,12:31:00,18.32,18.32,18.32,18.32,300
INN,2017-07-12,12:32:00,18.31,18.32,18.31,18.32,500
INN,2017-07-12,12:33:00,18.31,18.32,18.31,18.31,800
INN,2017-07-12,12:34:00,18.31,18.31,18.30,18.30,1332
INN,2017-07-12,12:35:00,18.30,18.30,18.30,18.30,500
INN,2017-07-12,12:38:00,18.30,18.30,18.30,18.30,100
INN,2017-07-12,12:39:00,18.30,18.30,18.30,18.30,100
INN,2017-07-12,12:40:00,18.29,18.30,18.29,18.30,1200
INN,2017-07-12,12:41:00,18.29,18.30,18.29,18.30,200
INN,2017-07-12,12:42:00,18.30,18.30,18.30,18.30,200
INN,2017-07-12,12:43:00,18.30,18.30,18.30,18.30,200
INN,2017-07-12,12:44:00,18.30,18.30,18.29,18.29,3094
INN,2017-07-12,12:46:00,18.28,18.28,18.28,18.28,100
INN,2017-07-12,12:47:00,18.28,18.28,18.28,18.28,520
INN,2017-07-12,12:49:00,18.28,18.28,18.27,18.27,1800
INN,2017-07-12,12:50:00,18.27,18.27,18.27,18.27,2065
INN,2017-07-12,12:51:00,18.26,18.27,18.26,18.27,1643
INN,2017-07-12,12:52:00,18.28,18.28,18.28,18.28,200
INN,2017-07-12,12:55:00,18.28,18.28,18.28,18.28,2424
INN,2017-07-12,12:56:00,18.29,18.29,18.29,18.29,958
INN,2017-07-12,12:58:00,18.30,18.30,18.30,18.30,800
INN,2017-07-12,12:59:00,18.30,18.30,18.30,18.30,1400
INN,2017-07-12,13:00:00,18.30,18.30,18.30,18.30,1100
INN,2017-07-12,13:01:00,18.31,18.31,18.30,18.31,500
INN,2017-07-12,13:02:00,18.31,18.31,18.27,18.27,14096
INN,2017-07-12,13:03:00,18.28,18.28,18.28,18.28,100
INN,2017-07-12,13:04:00,18.28,18.28,18.28,18.28,200
INN,2017-07-12,13:05:00,18.27,18.27,18.27,18.27,1400
INN,2017-07-12,13:06:00,18.27,18.27,18.27,18.27,689
INN,2017-07-12,13:08:00,18.27,18.27,18.27,18.27,1100
INN,2017-07-12,13:09:00,18.27,18.27,18.27,18.27,700
INN,2017-07-12,13:10:00,18.27,18.27,18.27,18.27,1900
INN,2017-07-12,13:13:00,18.27,18.27,18.26,18.26,700
INN,2017-07-12,13:14:00,18.26,18.26,18.25,18.25,2642
INN,2017-07-12,13:16:00,18.26,18.26,18.26,18.26,100
INN,2017-07-12,13:17:00,18.26,18.26,18.26,18.26,100
INN,2017-07-12,13:18:00,18.25,18.25,18.25,18.25,1200
INN,2017-07-12,13:19:00,18.24,18.24,18.24,18.24,100
INN,2017-07-12,13:21:00,18.24,18.24,18.24,18.24,400
INN,2017-07-12,13:22:00,18.24,18.25,18.24,18.25,300
INN,2017-07-12,13:23:00,18.25,18.25,18.25,18.25,300
INN,2017-07-12,13:26:00,18.25,18.25,18.24,18.24,300
INN,2017-07-12,13:27:00,18.25,18.25,18.25,18.25,100
INN,2017-07-12,13:28:00,18.24,18.24,18.24,18.24,4365
INN,2017-07-12,13:29:00,18.24,18.24,18.24,18.24,100
INN,2017-07-12,13:31:00,18.24,18.24,18.24,18.24,100
INN,2017-07-12,13:32:00,18.24,18.24,18.24,18.24,100
INN,2017-07-12,13:33:00,18.25,18.26,18.25,18.25,6303
INN,2017-07-12,13:34:00,18.26,18.26,18.25,18.25,200
INN,2017-07-12,13:35:00,18.26,18.26,18.25,18.25,500
INN,2017-07-12,13:36:00,18.26,18.26,18.26,18.26,300
INN,2017-07-12,13:38:00,18.27,18.27,18.27,18.27,2047
INN,2017-07-12,13:39:00,18.27,18.27,18.27,18.27,600
INN,2017-07-12,13:40:00,18.27,18.27,18.27,18.27,2300
INN,2017-07-12,13:41:00,18.27,18.27,18.27,18.27,900
INN,2017-07-12,13:42:00,18.27,18.27,18.27,18.27,200
INN,2017-07-12,13:43:00,18.27,18.27,18.27,18.27,200
INN,2017-07-12,13:44:00,18.26,18.27,18.26,18.27,400
INN,2017-07-12,13:45:00,18.27,18.27,18.27,18.27,200
INN,2017-07-12,13:46:00,18.26,18.27,18.26,18.27,783
INN,2017-07-12,13:47:00,18.27,18.28,18.27,18.28,1300
INN,2017-07-12,13:48:00,18.28,18.28,18.28,18.28,100
INN,2017-07-12,13:49:00,18.28,18.31,18.28,18.31,1586
INN,2017-07-12,13:50:00,18.30,18.30,18.29,18.29,5281
INN,2017-07-12,13:51:00,18.29,18.29,18.29,18.29,1556
INN,2017-07-12,13:53:00,18.30,18.30,18.30,18.30,1400
INN,2017-07-12,13:55:00,18.30,18.30,18.30,18.30,100
INN,2017-07-12,13:56:00,18.30,18.30,18.30,18.30,300
INN,2017-07-12,13:57:00,18.30,18.30,18.30,18.30,100
INN,2017-07-12,13:58:00,18.30,18.31,18.30,18.31,2000
INN,2017-07-12,13:59:00,18.31,18.31,18.30,18.30,705
INN,2017-07-12,14:00:00,18.31,18.31,18.30,18.31,1495
INN,2017-07-12,14:01:00,18.31,18.31,18.29,18.29,3006
INN,2017-07-12,14:02:00,18.28,18.29,18.26,18.27,11000
INN,2017-07-12,14:03:00,18.27,18.27,18.27,18.27,100
INN,2017-07-12,14:04:00,18.26,18.26,18.26,18.26,700
INN,2017-07-12,14:05:00,18.26,18.26,18.25,18.25,1797
INN,2017-07-12,14:08:00,18.26,18.27,18.26,18.27,1400
INN,2017-07-12,14:09:00,18.26,18.26,18.25,18.26,713
INN,2017-07-12,14:10:00,18.26,18.27,18.26,18.26,2000
INN,2017-07-12,14:11:00,18.26,18.26,18.26,18.26,200
INN,2017-07-12,14:12:00,18.26,18.26,18.26,18.26,100
INN,2017-07-12,14:13:00,18.26,18.26,18.26,18.26,300
INN,2017-07-12,14:14:00,18.26,18.26,18.26,18.26,200
INN,2017-07-12,14:15:00,18.26,18.26,18.25,18.25,3000
INN,2017-07-12,14:16:00,18.26,18.27,18.26,18.27,2000
INN,2017-07-12,14:17:00,18.27,18.29,18.27,18.29,1332
INN,2017-07-12,14:18:00,18.29,18.29,18.27,18.27,3800
INN,2017-07-12,14:19:00,18.27,18.27,18.25,18.25,1500
INN,2017-07-12,14:22:00,18.26,18.26,18.26,18.26,100
INN,2017-07-12,14:23:00,18.25,18.25,18.25,18.25,100
INN,2017-07-12,14:24:00,18.26,18.26,18.26,18.26,200
INN,2017-07-12,14:25:00,18.26,18.26,18.25,18.26,497
INN,2017-07-12,14:26:00,18.26,18.27,18.26,18.27,800
INN,2017-07-12,14:27:00,18.27,18.28,18.27,18.28,200
INN,2017-07-12,14:28:00,18.28,18.28,18.26,18.26,2673
INN,2017-07-12,14:29:00,18.27,18.27,18.27,18.27,300
INN,2017-07-12,14:30:00,18.27,18.29,18.27,18.29,2597
INN,2017-07-12,14:31:00,18.29,18.29,18.28,18.28,2700
INN,2017-07-12,14:32:00,18.27,18.27,18.26,18.26,2404
INN,2017-07-12,14:33:00,18.26,18.26,18.26,18.26,900
INN,2017-07-12,14:34:00,18.25,18.25,18.25,18.25,600
INN,2017-07-12,14:35:00,18.25,18.25,18.25,18.25,100
INN,2017-07-12,14:37:00,18.25,18.25,18.24,18.24,1800
INN,2017-07-12,14:39:00,18.25,18.25,18.25,18.25,1500
INN,2017-07-12,14:40:00,18.25,18.25,18.23,18.24,3800
INN,2017-07-12,14:41:00,18.25,18.25,18.25,18.25,900
INN,2017-07-12,14:42:00,18.25,18.25,18.23,18.24,5700
INN,2017-07-12,14:43:00,18.24,18.24,18.23,18.24,1400
INN,2017-07-12,14:44:00,18.24,18.24,18.24,18.24,574
INN,2017-07-12,14:45:00,18.24,18.24,18.23,18.23,2100
INN,2017-07-12,14:46:00,18.23,18.24,18.23,18.24,692
INN,2017-07-12,14:48:00,18.24,18.24,18.23,18.23,1200
INN,2017-07-12,14:49:00,18.23,18.24,18.23,18.24,700
INN,2017-07-12,14:50:00,18.25,18.25,18.24,18.24,3184
INN,2017-07-12,14:51:00,18.24,18.24,18.24,18.24,500
INN,2017-07-12,14:52:00,18.24,18.24,18.24,18.24,1271
INN,2017-07-12,14:54:00,18.25,18.25,18.25,18.25,600
INN,2017-07-12,14:55:00,18.25,18.25,18.25,18.25,300
INN,2017-07-12,14:56:00,18.25,18.25,18.24,18.24,2800
INN,2017-07-12,14:57:00,18.24,18.25,18.23,18.25,4802
INN,2017-07-12,14:58:00,18.24,18.24,18.24,18.24,1375
INN,2017-07-12,14:59:00,18.24,18.24,18.24,18.24,809
INN,2017-07-12,15:00:00,18.24,18.24,18.24,18.24,1000
INN,2017-07-12,15:01:00,18.23,18.24,18.23,18.24,1500
INN,2017-07-12,15:02:00,18.23,18.23,18.23,18.23,100
INN,2017-07-12,15:03:00,18.24,18.24,18.24,18.24,500
INN,2017-07-12,15:04:00,18.24,18.25,18.24,18.25,639
INN,2017-07-12,15:05:00,18.25,18.25,18.25,18.25,700
INN,2017-07-12,15:06:00,18.25,18.26,18.25,18.26,800
INN,2017-07-12,15:07:00,18.25,18.26,18.25,18.26,400
INN,2017-07-12,15:08:00,18.25,18.25,18.25,18.25,3521
INN,2017-07-12,15:09:00,18.25,18.25,18.25,18.25,100
INN,2017-07-12,15:10:00,18.24,18.24,18.22,18.22,2899
INN,2017-07-12,15:11:00,18.22,18.22,18.22,18.22,100
INN,2017-07-12,15:12:00,18.22,18.22,18.22,18.22,600
INN,2017-07-12,15:13:00,18.22,18.22,18.22,18.22,2800
INN,2017-07-12,15:14:00,18.22,18.24,18.22,18.24,2358
INN,2017-07-12,15:15:00,18.24,18.24,18.24,18.24,100
INN,2017-07-12,15:16:00,18.24,18.24,18.23,18.23,900
INN,2017-07-12,15:17:00,18.23,18.23,18.22,18.22,1800
INN,2017-07-12,15:18:00,18.22,18.22,18.22,18.22,100
INN,2017-07-12,15:19:00,18.23,18.24,18.23,18.24,2097
INN,2017-07-12,15:20:00,18.24,18.24,18.24,18.24,1700
INN,2017-07-12,15:21:00,18.25,18.25,18.25,18.25,300
INN,2017-07-12,15:22:00,18.25,18.26,18.24,18.25,4407
INN,2017-07-12,15:23:00,18.24,18.25,18.24,18.25,400
INN,2017-07-12,15:24:00,18.25,18.25,18.25,18.25,900
INN,2017-07-12,15:26:00,18.25,18.25,18.25,18.25,500
INN,2017-07-12,15:27:00,18.24,18.25,18.23,18.24,5300
INN,2017-07-12,15:29:00,18.25,18.25,18.24,18.24,1414
INN,2017-07-12,15:30:00,18.25,18.25,18.23,18.24,6629
INN,2017-07-12,15:31:00,18.25,18.25,18.25,18.25,1028
INN,2017-07-12,15:32:00,18.25,18.26,18.25,18.25,300
INN,2017-07-12,15:33:00,18.26,18.26,18.26,18.26,300
INN,2017-07-12,15:34:00,18.26,18.26,18.25,18.25,5110
INN,2017-07-12,15:36:00,18.25,18.25,18.25,18.25,2642
INN,2017-07-12,15:37:00,18.26,18.26,18.25,18.26,600
INN,2017-07-12,15:38:00,18.25,18.26,18.25,18.26,1100
INN,2017-07-12,15:39:00,18.26,18.26,18.25,18.26,500
INN,2017-07-12,15:40:00,18.26,18.26,18.25,18.26,400
INN,2017-07-12,15:41:00,18.26,18.26,18.25,18.25,1300
INN,2017-07-12,15:42:00,18.26,18.26,18.25,18.25,400
INN,2017-07-12,15:43:00,18.26,18.26,18.26,18.26,600
INN,2017-07-12,15:44:00,18.26,18.26,18.25,18.25,8930
INN,2017-07-12,15:45:00,18.25,18.26,18.25,18.26,2974
INN,2017-07-12,15:46:00,18.26,18.28,18.26,18.28,2567
INN,2017-07-12,15:47:00,18.27,18.27,18.27,18.27,4374
INN,2017-07-12,15:48:00,18.27,18.27,18.27,18.27,5713
INN,2017-07-12,15:49:00,18.28,18.28,18.27,18.28,600
INN,2017-07-12,15:50:00,18.28,18.28,18.26,18.27,5524
INN,2017-07-12,15:51:00,18.27,18.27,18.27,18.27,800
INN,2017-07-12,15:52:00,18.27,18.27,18.27,18.27,700
INN,2017-07-12,15:53:00,18.27,18.27,18.27,18.27,700
INN,2017-07-12,15:54:00,18.27,18.27,18.26,18.27,2716
INN,2017-07-12,15:55:00,18.27,18.27,18.25,18.26,15243
INN,2017-07-12,15:56:00,18.25,18.27,18.25,18.27,4765
INN,2017-07-12,15:57:00,18.27,18.27,18.27,18.27,1700
INN,2017-07-12,15:58:00,18.27,18.28,18.27,18.27,18770
INN,2017-07-12,15:59:00,18.28,18.28,18.25,18.25,12680
INN,2017-07-12,16:00:00,18.26,18.26,18.25,18.26,25013
INN,2017-07-13,09:30:00,18.24,18.24,18.24,18.24,4820
INN,2017-07-13,09:32:00,18.24,18.24,18.23,18.23,1950
INN,2017-07-13,09:33:00,18.22,18.22,18.21,18.22,1285
INN,2017-07-13,09:34:00,18.22,18.24,18.22,18.24,2193
INN,2017-07-13,09:35:00,18.24,18.25,18.24,18.25,800
INN,2017-07-13,09:36:00,18.25,18.25,18.24,18.24,800
INN,2017-07-13,09:37:00,18.24,18.27,18.24,18.27,1567
INN,2017-07-13,09:38:00,18.27,18.29,18.27,18.29,500
INN,2017-07-13,09:39:00,18.28,18.31,18.27,18.31,1436
INN,2017-07-13,09:40:00,18.30,18.31,18.30,18.30,1100
INN,2017-07-13,09:41:00,18.30,18.30,18.30,18.30,1300
INN,2017-07-13,09:42:00,18.30,18.30,18.29,18.29,400
INN,2017-07-13,09:43:00,18.29,18.29,18.28,18.29,700
INN,2017-07-13,09:44:00,18.28,18.28,18.25,18.25,5000
INN,2017-07-13,09:45:00,18.25,18.25,18.25,18.25,300
INN,2017-07-13,09:46:00,18.24,18.24,18.22,18.22,2002
INN,2017-07-13,09:47:00,18.22,18.22,18.21,18.22,3490
INN,2017-07-13,09:48:00,18.22,18.22,18.22,18.22,2500
INN,2017-07-13,09:49:00,18.22,18.22,18.22,18.22,1400
INN,2017-07-13,09:50:00,18.22,18.22,18.22,18.22,400
INN,2017-07-13,09:51:00,18.22,18.24,18.22,18.24,900
INN,2017-07-13,09:52:00,18.25,18.25,18.25,18.25,700
INN,2017-07-13,09:53:00,18.27,18.27,18.27,18.27,300
INN,2017-07-13,09:54:00,18.27,18.27,18.27,18.27,100
INN,2017-07-13,09:55:00,18.28,18.28,18.28,18.28,900
INN,2017-07-13,09:56:00,18.29,18.29,18.28,18.29,1200
INN,2017-07-13,09:57:00,18.29,18.29,18.29,18.29,127
INN,2017-07-13,09:58:00,18.30,18.30,18.30,18.30,1000
INN,2017-07-13,09:59:00,18.30,18.30,18.30,18.30,342
INN,2017-07-13,10:00:00,18.30,18.32,18.30,18.31,800
INN,2017-07-13,10:01:00,18.32,18.32,18.31,18.31,800
INN,2017-07-13,10:02:00,18.30,18.30,18.29,18.30,800
INN,2017-07-13,10:04:00,18.31,18.31,18.31,18.31,1900
INN,2017-07-13,10:05:00,18.32,18.32,18.32,18.32,512
INN,2017-07-13,10:06:00,18.32,18.32,18.31,18.31,850
INN,2017-07-13,10:07:00,18.32,18.33,18.32,18.33,850
INN,2017-07-13,10:08:00,18.33,18.33,18.33,18.33,100
INN,2017-07-13,10:09:00,18.33,18.33,18.33,18.33,387
INN,2017-07-13,10:10:00,18.33,18.33,18.33,18.33,100
INN,2017-07-13,10:11:00,18.33,18.34,18.33,18.33,2800
INN,2017-07-13,10:12:00,18.33,18.34,18.33,18.34,858
INN,2017-07-13,10:13:00,18.34,18.35,18.34,18.35,1100
INN,2017-07-13,10:14:00,18.34,18.35,18.34,18.35,1500
INN,2017-07-13,10:16:00,18.34,18.34,18.34,18.34,200
INN,2017-07-13,10:17:00,18.34,18.35,18.33,18.34,1781
INN,2017-07-13,10:18:00,18.34,18.34,18.34,18.34,1333
INN,2017-07-13,10:19:00,18.34,18.34,18.34,18.34,1300
INN,2017-07-13,10:20:00,18.34,18.34,18.32,18.33,8831
INN,2017-07-13,10:21:00,18.32,18.34,18.32,18.34,3964
INN,2017-07-13,10:22:00,18.34,18.34,18.32,18.33,3700
INN,2017-07-13,10:24:00,18.32,18.32,18.30,18.30,1400
INN,2017-07-13,10:26:00,18.30,18.31,18.29,18.30,4500
INN,2017-07-13,10:27:00,18.30,18.30,18.29,18.29,4300
INN,2017-07-13,10:28:00,18.29,18.29,18.26,18.26,2546
INN,2017-07-13,10:29:00,18.25,18.25,18.25,18.25,500
INN,2017-07-13,10:30:00,18.25,18.25,18.25,18.25,200
INN,2017-07-13,10:31:00,18.24,18.24,18.22,18.22,2350
INN,2017-07-13,10:32:00,18.22,18.22,18.21,18.21,1000
INN,2017-07-13,10:33:00,18.22,18.22,18.22,18.22,300
INN,2017-07-13,10:35:00,18.24,18.24,18.23,18.23,500
INN,2017-07-13,10:36:00,18.22,18.23,18.22,18.23,1200
INN,2017-07-13,10:37:00,18.23,18.23,18.22,18.22,600
INN,2017-07-13,10:38:00,18.23,18.24,18.23,18.24,500
INN,2017-07-13,10:41:00,18.24,18.24,18.24,18.24,469
INN,2017-07-13,10:43:00,18.24,18.24,18.23,18.23,2279
INN,2017-07-13,10:44:00,18.23,18.24,18.23,18.24,800
INN,2017-07-13,10:45:00,18.25,18.25,18.24,18.25,881
INN,2017-07-13,10:46:00,18.24,18.24,18.23,18.23,1300
INN,2017-07-13,10:47:00,18.23,18.23,18.23,18.23,200
INN,2017-07-13,10:48:00,18.23,18.23,18.23,18.23,500
INN,2017-07-13,10:49:00,18.24,18.25,18.24,18.25,1550
INN,2017-07-13,10:50:00,18.25,18.25,18.23,18.23,1100
INN,2017-07-13,10:51:00,18.24,18.26,18.24,18.26,300
INN,2017-07-13,10:52:00,18.27,18.27,18.27,18.27,3652
INN,2017-07-13,10:53:00,18.27,18.28,18.27,18.28,1200
INN,2017-07-13,10:54:00,18.28,18.28,18.27,18.27,500
INN,2017-07-13,10:56:00,18.28,18.28,18.27,18.27,400
INN,2017-07-13,10:57:00,18.27,18.27,18.25,18.25,53000
INN,2017-07-13,10:58:00,18.25,18.25,18.24,18.24,600
INN,2017-07-13,10:59:00,18.24,18.24,18.21,18.21,3600
INN,2017-07-13,11:00:00,18.21,18.22,18.20,18.20,1967
INN,2017-07-13,11:01:00,18.19,18.19,18.18,18.18,4190
INN,2017-07-13,11:02:00,18.18,18.18,18.16,18.17,8519
INN,2017-07-13,11:03:00,18.17,18.17,18.17,18.17,700
INN,2017-07-13,11:05:00,18.16,18.16,18.12,18.12,4100
INN,2017-07-13,11:06:00,18.12,18.12,18.12,18.12,2278
INN,2017-07-13,11:07:00,18.12,18.13,18.12,18.13,500
INN,2017-07-13,11:08:00,18.14,18.14,18.12,18.12,4683
INN,2017-07-13,11:09:00,18.12,18.14,18.12,18.14,2200
INN,2017-07-13,11:10:00,18.14,18.14,18.13,18.13,5151
INN,2017-07-13,11:11:00,18.14,18.14,18.12,18.13,3300
INN,2017-07-13,11:12:00,18.13,18.14,18.13,18.14,900
INN,2017-07-13,11:13:00,18.14,18.15,18.14,18.15,200
INN,2017-07-13,11:14:00,18.15,18.15,18.15,18.15,100
INN,2017-07-13,11:15:00,18.15,18.17,18.15,18.17,1906
INN,2017-07-13,11:16:00,18.16,18.16,18.16,18.16,2153
INN,2017-07-13,11:17:00,18.16,18.16,18.14,18.14,1100
INN,2017-07-13,11:18:00,18.15,18.15,18.15,18.15,200
INN,2017-07-13,11:19:00,18.16,18.16,18.14,18.14,1519
INN,2017-07-13,11:20:00,18.15,18.15,18.15,18.15,700
INN,2017-07-13,11:21:00,18.15,18.15,18.14,18.15,300
INN,2017-07-13,11:22:00,18.15,18.15,18.14,18.14,300
INN,2017-07-13,11:23:00,18.15,18.15,18.15,18.15,700
INN,2017-07-13,11:24:00,18.14,18.15,18.14,18.14,300
INN,2017-07-13,11:25:00,18.14,18.14,18.11,18.12,4865
INN,2017-07-13,11:26:00,18.13,18.13,18.13,18.13,300
INN,2017-07-13,11:27:00,18.13,18.13,18.13,18.13,400
INN,2017-07-13,11:28:00,18.14,18.14,18.14,18.14,100
INN,2017-07-13,11:29:00,18.13,18.13,18.11,18.11,1984
INN,2017-07-13,11:30:00,18.11,18.12,18.11,18.11,400
INN,2017-07-13,11:31:00,18.12,18.12,18.12,18.12,100
INN,2017-07-13,11:32:00,18.12,18.12,18.11,18.11,300
INN,2017-07-13,11:33:00,18.11,18.11,18.11,18.11,750
INN,2017-07-13,11:35:00,18.12,18.13,18.12,18.13,1300
INN,2017-07-13,11:36:00,18.13,18.13,18.12,18.13,14004
INN,2017-07-13,11:37:00,18.13,18.18,18.13,18.16,40717
INN,2017-07-13,11:38:00,18.16,18.17,18.13,18.16,23730
INN,2017-07-13,11:39:00,18.16,18.17,18.14,18.15,44707
INN,2017-07-13,11:40:00,18.14,18.14,18.13,18.14,3900
INN,2017-07-13,11:41:00,18.14,18.14,18.14,18.14,250
INN,2017-07-13,11:43:00,18.13,18.13,18.13,18.13,484
INN,2017-07-13,11:44:00,18.14,18.14,18.14,18.14,1801
INN,2017-07-13,11:45:00,18.15,18.15,18.15,18.15,100
INN,2017-07-13,11:46:00,18.14,18.14,18.14,18.14,1100
INN,2017-07-13,11:47:00,18.14,18.15,18.14,18.15,1100
INN,2017-07-13,11:48:00,18.15,18.16,18.15,18.16,200
INN,2017-07-13,11:49:00,18.16,18.16,18.16,18.16,700
INN,2017-07-13,11:50:00,18.16,18.17,18.16,18.17,300
INN,2017-07-13,11:52:00,18.17,18.17,18.17,18.17,200
INN,2017-07-13,11:53:00,18.17,18.17,18.17,18.17,300
INN,2017-07-13,11:54:00,18.17,18.19,18.17,18.19,1400
INN,2017-07-13,11:55:00,18.20,18.20,18.20,18.20,200
INN,2017-07-13,11:56:00,18.21,18.21,18.21,18.21,2100
INN,2017-07-13,11:57:00,18.21,18.21,18.21,18.21,400
INN,2017-07-13,11:58:00,18.21,18.22,18.21,18.22,300
INN,2017-07-13,11:59:00,18.22,18.23,18.22,18.23,1834
INN,2017-07-13,12:01:00,18.22,18.23,18.22,18.23,656
INN,2017-07-13,12:02:00,18.23,18.23,18.23,18.23,500
INN,2017-07-13,12:03:00,18.23,18.23,18.23,18.23,100
INN,2017-07-13,12:04:00,18.23,18.23,18.23,18.23,400
INN,2017-07-13,12:05:00,18.23,18.24,18.23,18.24,1180
INN,2017-07-13,12:06:00,18.24,18.25,18.24,18.24,1122
INN,2017-07-13,12:07:00,18.24,18.24,18.24,18.24,1200
INN,2017-07-13,12:08:00,18.23,18.23,18.22,18.22,800
INN,2017-07-13,12:11:00,18.22,18.23,18.22,18.23,700
INN,2017-07-13,12:14:00,18.24,18.24,18.23,18.23,300
INN,2017-07-13,12:15:00,18.24,18.24,18.24,18.24,200
INN,2017-07-13,12:16:00,18.24,18.24,18.24,18.24,100
INN,2017-07-13,12:17:00,18.24,18.24,18.24,18.24,1943
INN,2017-07-13,12:18:00,18.24,18.25,18.24,18.25,1600
INN,2017-07-13,12:20:00,18.24,18.24,18.24,18.24,100
INN,2017-07-13,12:21:00,18.25,18.25,18.24,18.25,5103
INN,2017-07-13,12:22:00,18.24,18.24,18.24,18.24,100
INN,2017-07-13,12:24:00,18.24,18.24,18.24,18.24,100
INN,2017-07-13,12:25:00,18.24,18.24,18.24,18.24,300
INN,2017-07-13,12:27:00,18.24,18.24,18.24,18.24,100
INN,2017-07-13,12:28:00,18.24,18.25,18.24,18.24,2358
INN,2017-07-13,12:30:00,18.24,18.25,18.24,18.25,1195
INN,2017-07-13,12:31:00,18.23,18.23,18.23,18.23,200
INN,2017-07-13,12:33:00,18.23,18.23,18.22,18.22,2200
INN,2017-07-13,12:34:00,18.21,18.21,18.21,18.21,100
INN,2017-07-13,12:35:00,18.21,18.21,18.21,18.21,100
INN,2017-07-13,12:36:00,18.21,18.21,18.21,18.21,200
INN,2017-07-13,12:37:00,18.22,18.22,18.20,18.20,1100
INN,2017-07-13,12:38:00,18.20,18.20,18.20,18.20,200
INN,2017-07-13,12:40:00,18.20,18.20,18.19,18.19,237
INN,2017-07-13,12:42:00,18.19,18.19,18.19,18.19,100
INN,2017-07-13,12:44:00,18.19,18.19,18.18,18.18,1500
INN,2017-07-13,12:45:00,18.18,18.18,18.17,18.17,637
INN,2017-07-13,12:46:00,18.16,18.16,18.16,18.16,400
INN,2017-07-13,12:48:00,18.15,18.16,18.15,18.16,200
INN,2017-07-13,12:49:00,18.16,18.17,18.16,18.17,503
INN,2017-07-13,12:50:00,18.18,18.19,18.18,18.19,700
INN,2017-07-13,12:51:00,18.19,18.19,18.19,18.19,700
INN,2017-07-13,12:52:00,18.19,18.19,18.19,18.19,300
INN,2017-07-13,12:56:00,18.20,18.20,18.20,18.20,200
INN,2017-07-13,12:57:00,18.20,18.21,18.20,18.21,200
INN,2017-07-13,12:58:00,18.21,18.21,18.21,18.21,800
INN,2017-07-13,13:00:00,18.22,18.22,18.21,18.21,500
INN,2017-07-13,13:01:00,18.21,18.21,18.21,18.21,100
INN,2017-07-13,13:04:00,18.22,18.22,18.22,18.22,100
INN,2017-07-13,13:05:00,18.22,18.22,18.22,18.22,300
INN,2017-07-13,13:07:00,18.22,18.23,18.22,18.23,660
INN,2017-07-13,13:08:00,18.23,18.23,18.21,18.22,3300
INN,2017-07-13,13:09:00,18.22,18.22,18.22,18.22,1087
INN,2017-07-13,13:10:00,18.21,18.21,18.21,18.21,100
INN,2017-07-13,13:11:00,18.20,18.20,18.19,18.19,300
INN,2017-07-13,13:12:00,18.18,18.18,18.18,18.18,100
INN,2017-07-13,13:13:00,18.18,18.18,18.18,18.18,300
INN,2017-07-13,13:15:00,18.18,18.18,18.18,18.18,300
INN,2017-07-13,13:18:00,18.19,18.19,18.19,18.19,100
INN,2017-07-13,13:19:00,18.20,18.20,18.20,18.20,100
INN,2017-07-13,13:20:00,18.20,18.20,18.20,18.20,200
INN,2017-07-13,13:21:00,18.20,18.20,18.19,18.19,1320
INN,2017-07-13,13:22:00,18.19,18.20,18.19,18.19,900
INN,2017-07-13,13:23:00,18.19,18.19,18.19,18.19,400
INN,2017-07-13,13:25:00,18.21,18.21,18.21,18.21,800
INN,2017-07-13,13:26:00,18.20,18.20,18.20,18.20,100
INN,2017-07-13,13:28:00,18.22,18.22,18.21,18.21,1221
INN,2017-07-13,13:29:00,18.22,18.22,18.22,18.22,100
INN,2017-07-13,13:30:00,18.21,18.21,18.21,18.21,410
INN,2017-07-13,13:31:00,18.20,18.20,18.20,18.20,300
INN,2017-07-13,13:32:00,18.20,18.20,18.20,18.20,300
INN,2017-07-13,13:34:00,18.20,18.20,18.20,18.20,200
INN,2017-07-13,13:35:00,18.20,18.21,18.20,18.21,300
INN,2017-07-13,13:39:00,18.22,18.22,18.21,18.21,500
INN,2017-07-13,13:40:00,18.22,18.22,18.20,18.20,2800
INN,2017-07-13,13:41:00,18.20,18.21,18.20,18.20,700
INN,2017-07-13,13:42:00,18.21,18.21,18.21,18.21,200
INN,2017-07-13,13:44:00,18.21,18.21,18.20,18.21,1700
INN,2017-07-13,13:45:00,18.20,18.20,18.19,18.19,2700
INN,2017-07-13,13:46:00,18.19,18.19,18.19,18.19,1782
INN,2017-07-13,13:47:00,18.18,18.20,18.18,18.20,1780
INN,2017-07-13,13:49:00,18.20,18.20,18.20,18.20,1100
INN,2017-07-13,13:50:00,18.19,18.19,18.19,18.19,100
INN,2017-07-13,13:51:00,18.19,18.19,18.19,18.19,300
INN,2017-07-13,13:52:00,18.19,18.20,18.19,18.19,300
INN,2017-07-13,13:53:00,18.20,18.20,18.19,18.20,1000
INN,2017-07-13,13:54:00,18.20,18.20,18.20,18.20,100
INN,2017-07-13,13:55:00,18.20,18.20,18.20,18.20,400
INN,2017-07-13,13:56:00,18.20,18.21,18.20,18.20,1900
INN,2017-07-13,13:57:00,18.22,18.22,18.21,18.21,2100
INN,2017-07-13,13:58:00,18.21,18.21,18.20,18.20,300
INN,2017-07-13,13:59:00,18.20,18.20,18.20,18.20,324
INN,2017-07-13,14:00:00,18.20,18.20,18.20,18.20,100
INN,2017-07-13,14:01:00,18.20,18.20,18.20,18.20,1200
INN,2017-07-13,14:02:00,18.20,18.22,18.20,18.21,3101
INN,2017-07-13,14:04:00,18.22,18.23,18.22,18.22,2282
INN,2017-07-13,14:06:00,18.22,18.22,18.21,18.21,727
INN,2017-07-13,14:09:00,18.22,18.23,18.22,18.23,1000
INN,2017-07-13,14:10:00,18.23,18.23,18.23,18.23,100
INN,2017-07-13,14:13:00,18.23,18.23,18.22,18.22,1400
INN,2017-07-13,14:14:00,18.21,18.21,18.21,18.21,100
INN,2017-07-13,14:15:00,18.22,18.22,18.22,18.22,302
INN,2017-07-13,14:17:00,18.22,18.23,18.22,18.22,300
INN,2017-07-13,14:18:00,18.23,18.23,18.23,18.23,400
INN,2017-07-13,14:20:00,18.24,18.24,18.24,18.24,100
INN,2017-07-13,14:21:00,18.23,18.23,18.23,18.23,1400
INN,2017-07-13,14:22:00,18.22,18.23,18.22,18.23,1900
INN,2017-07-13,14:23:00,18.23,18.23,18.23,18.23,300
INN,2017-07-13,14:26:00,18.23,18.24,18.23,18.24,200
INN,2017-07-13,14:27:00,18.23,18.23,18.23,18.23,251
INN,2017-07-13,14:28:00,18.24,18.24,18.24,18.24,100
INN,2017-07-13,14:30:00,18.24,18.24,18.23,18.23,300
INN,2017-07-13,14:31:00,18.23,18.24,18.23,18.24,1200
INN,2017-07-13,14:32:00,18.25,18.25,18.24,18.24,2600
INN,2017-07-13,14:33:00,18.24,18.24,18.24,18.24,100
INN,2017-07-13,14:34:00,18.25,18.25,18.24,18.24,300
INN,2017-07-13,14:36:00,18.25,18.25,18.25,18.25,289
INN,2017-07-13,14:37:00,18.25,18.25,18.25,18.25,1500
INN,2017-07-13,14:38:00,18.24,18.25,18.24,18.24,4347
INN,2017-07-13,14:39:00,18.25,18.25,18.25,18.25,150
INN,2017-07-13,14:42:00,18.25,18.25,18.25,18.25,300
INN,2017-07-13,14:44:00,18.25,18.25,18.22,18.22,11951
INN,2017-07-13,14:46:00,18.22,18.22,18.19,18.20,3900
INN,2017-07-13,14:50:00,18.20,18.20,18.20,18.20,200
INN,2017-07-13,14:51:00,18.20,18.21,18.20,18.21,230
INN,2017-07-13,14:52:00,18.20,18.20,18.19,18.19,1140
INN,2017-07-13,14:53:00,18.20,18.20,18.19,18.19,300
INN,2017-07-13,14:54:00,18.20,18.20,18.19,18.19,300
INN,2017-07-13,14:55:00,18.20,18.21,18.20,18.21,1825
INN,2017-07-13,14:56:00,18.21,18.21,18.21,18.21,100
INN,2017-07-13,14:57:00,18.22,18.22,18.22,18.22,400
INN,2017-07-13,14:58:00,18.22,18.22,18.22,18.22,800
INN,2017-07-13,15:00:00,18.21,18.21,18.20,18.20,2456
INN,2017-07-13,15:02:00,18.21,18.22,18.21,18.22,1300
INN,2017-07-13,15:03:00,18.22,18.22,18.22,18.22,100
INN,2017-07-13,15:04:00,18.21,18.21,18.21,18.21,1601
INN,2017-07-13,15:05:00,18.20,18.20,18.20,18.20,100
INN,2017-07-13,15:06:00,18.20,18.20,18.19,18.19,1976
INN,2017-07-13,15:07:00,18.19,18.20,18.19,18.19,1498
INN,2017-07-13,15:08:00,18.18,18.19,18.18,18.18,600
INN,2017-07-13,15:09:00,18.19,18.20,18.19,18.20,2450
INN,2017-07-13,15:11:00,18.20,18.20,18.20,18.20,1485
INN,2017-07-13,15:12:00,18.21,18.21,18.21,18.21,400
INN,2017-07-13,15:13:00,18.21,18.21,18.21,18.21,1700
INN,2017-07-13,15:14:00,18.21,18.22,18.21,18.22,1134
INN,2017-07-13,15:15:00,18.21,18.21,18.21,18.21,100
INN,2017-07-13,15:16:00,18.22,18.22,18.22,18.22,100
INN,2017-07-13,15:17:00,18.22,18.23,18.22,18.23,600
INN,2017-07-13,15:18:00,18.23,18.23,18.21,18.21,3306
INN,2017-07-13,15:19:00,18.22,18.22,18.21,18.21,400
INN,2017-07-13,15:21:00,18.22,18.22,18.21,18.21,300
INN,2017-07-13,15:22:00,18.21,18.22,18.21,18.22,200
INN,2017-07-13,15:23:00,18.21,18.21,18.21,18.21,400
INN,2017-07-13,15:24:00,18.22,18.22,18.21,18.22,2800
INN,2017-07-13,15:25:00,18.23,18.24,18.22,18.24,1404
INN,2017-07-13,15:26:00,18.24,18.24,18.24,18.24,200
INN,2017-07-13,15:27:00,18.24,18.24,18.24,18.24,862
INN,2017-07-13,15:28:00,18.24,18.24,18.23,18.23,600
INN,2017-07-13,15:29:00,18.23,18.23,18.22,18.22,4086
INN,2017-07-13,15:30:00,18.21,18.22,18.21,18.22,400
INN,2017-07-13,15:31:00,18.21,18.21,18.21,18.21,100
INN,2017-07-13,15:32:00,18.22,18.22,18.22,18.22,100
INN,2017-07-13,15:33:00,18.22,18.22,18.21,18.21,672
INN,2017-07-13,15:34:00,18.22,18.23,18.21,18.22,4800
INN,2017-07-13,15:35:00,18.23,18.23,18.23,18.23,800
INN,2017-07-13,15:36:00,18.22,18.23,18.22,18.23,500
INN,2017-07-13,15:37:00,18.23,18.23,18.23,18.23,200
INN,2017-07-13,15:38:00,18.23,18.23,18.23,18.23,800
INN,2017-07-13,15:39:00,18.23,18.23,18.23,18.23,900
INN,2017-07-13,15:40:00,18.23,18.23,18.23,18.23,100
INN,2017-07-13,15:41:00,18.23,18.23,18.23,18.23,900
INN,2017-07-13,15:42:00,18.23,18.23,18.23,18.23,3200
INN,2017-07-13,15:43:00,18.24,18.24,18.24,18.24,300
INN,2017-07-13,15:44:00,18.24,18.24,18.23,18.23,1400
INN,2017-07-13,15:45:00,18.24,18.24,18.23,18.24,4235
INN,2017-07-13,15:46:00,18.24,18.24,18.23,18.24,5948
INN,2017-07-13,15:47:00,18.24,18.25,18.23,18.25,3931
INN,2017-07-13,15:48:00,18.25,18.25,18.25,18.25,500
INN,2017-07-13,15:49:00,18.25,18.25,18.25,18.25,3020
INN,2017-07-13,15:50:00,18.25,18.25,18.25,18.25,900
INN,2017-07-13,15:51:00,18.25,18.25,18.24,18.24,38491
INN,2017-07-13,15:52:00,18.25,18.25,18.22,18.23,15430
INN,2017-07-13,15:53:00,18.23,18.23,18.22,18.22,8538
INN,2017-07-13,15:54:00,18.23,18.23,18.20,18.20,20486
INN,2017-07-13,15:55:00,18.20,18.20,18.19,18.20,12046
INN,2017-07-13,15:56:00,18.20,18.21,18.20,18.20,16356
INN,2017-07-13,15:57:00,18.20,18.20,18.18,18.19,22088
INN,2017-07-13,15:58:00,18.19,18.20,18.18,18.18,6102
INN,2017-07-13,15:59:00,18.19,18.20,18.18,18.20,9599
INN,2017-07-13,16:00:00,18.20,18.20,18.19,18.19,15967
INN,2017-07-14,09:31:00,17.67,17.75,17.66,17.75,2637
INN,2017-07-14,09:32:00,17.71,17.85,17.71,17.82,54356
INN,2017-07-14,09:33:00,17.80,17.84,17.79,17.84,17056
INN,2017-07-14,09:34:00,17.84,17.85,17.83,17.84,11417
INN,2017-07-14,09:35:00,17.84,17.87,17.83,17.85,5650
INN,2017-07-14,09:36:00,17.86,17.88,17.80,17.82,7700
INN,2017-07-14,09:37:00,17.81,17.81,17.76,17.81,5789
INN,2017-07-14,09:38:00,17.80,17.80,17.77,17.78,7350
INN,2017-07-14,09:39:00,17.79,17.80,17.78,17.78,50838
INN,2017-07-14,09:40:00,17.78,17.78,17.74,17.75,5312
INN,2017-07-14,09:41:00,17.76,17.76,17.75,17.75,1317
INN,2017-07-14,09:42:00,17.76,17.76,17.70,17.75,10100
INN,2017-07-14,09:43:00,17.75,17.75,17.70,17.70,2900
INN,2017-07-14,09:44:00,17.70,17.70,17.69,17.69,503
INN,2017-07-14,09:45:00,17.68,17.73,17.66,17.72,14062
INN,2017-07-14,09:46:00,17.71,17.71,17.68,17.70,3152
INN,2017-07-14,09:47:00,17.70,17.78,17.69,17.78,5700
INN,2017-07-14,09:48:00,17.77,17.83,17.77,17.83,8932
INN,2017-07-14,09:49:00,17.83,17.84,17.80,17.84,7118
INN,2017-07-14,09:50:00,17.84,17.84,17.83,17.84,2773
INN,2017-07-14,09:51:00,17.84,17.86,17.84,17.85,4041
INN,2017-07-14,09:52:00,17.85,17.85,17.80,17.83,13915
INN,2017-07-14,09:53:00,17.86,17.88,17.86,17.88,2950
INN,2017-07-14,09:54:00,17.88,17.88,17.88,17.88,200
INN,2017-07-14,09:55:00,17.89,17.90,17.89,17.90,3542
INN,2017-07-14,09:56:00,17.90,17.90,17.87,17.87,2700
INN,2017-07-14,09:57:00,17.86,17.86,17.86,17.86,600
INN,2017-07-14,09:59:00,17.86,17.86,17.86,17.86,2749
INN,2017-07-14,10:00:00,17.85,17.88,17.84,17.87,4896
INN,2017-07-14,10:01:00,17.88,17.88,17.82,17.85,5770
INN,2017-07-14,10:02:00,17.85,17.85,17.81,17.81,5081
INN,2017-07-14,10:04:00,17.81,17.83,17.79,17.82,5857
INN,2017-07-14,10:05:00,17.82,17.82,17.80,17.80,800
INN,2017-07-14,10:06:00,17.79,17.79,17.78,17.78,2100
INN,2017-07-14,10:07:00,17.81,17.81,17.79,17.81,2000
INN,2017-07-14,10:08:00,17.81,17.82,17.81,17.82,1750
INN,2017-07-14,10:09:00,17.83,17.83,17.79,17.79,5799
INN,2017-07-14,10:10:00,17.82,17.82,17.82,17.82,200
INN,2017-07-14,10:11:00,17.81,17.81,17.78,17.78,1211
INN,2017-07-14,10:12:00,17.80,17.80,17.79,17.79,6000
INN,2017-07-14,10:13:00,17.79,17.79,17.79,17.79,100
INN,2017-07-14,10:14:00,17.80,17.80,17.80,17.80,700
INN,2017-07-14,10:15:00,17.80,17.80,17.79,17.79,500
INN,2017-07-14,10:16:00,17.80,17.80,17.75,17.77,3778
INN,2017-07-14,10:17:00,17.77,17.77,17.76,17.77,2300
INN,2017-07-14,10:18:00,17.76,17.77,17.75,17.75,3300
INN,2017-07-14,10:19:00,17.76,17.76,17.75,17.75,2500
INN,2017-07-14,10:20:00,17.75,17.77,17.75,17.77,3700
INN,2017-07-14,10:21:00,17.76,17.78,17.76,17.78,2300
INN,2017-07-14,10:22:00,17.77,17.80,17.77,17.80,700
INN,2017-07-14,10:23:00,17.81,17.81,17.81,17.81,100
INN,2017-07-14,10:24:00,17.82,17.82,17.82,17.82,400
INN,2017-07-14,10:25:00,17.82,17.82,17.82,17.82,100
INN,2017-07-14,10:26:00,17.82,17.82,17.80,17.80,2950
INN,2017-07-14,10:27:00,17.80,17.81,17.79,17.80,3118
INN,2017-07-14,10:28:00,17.80,17.80,17.77,17.77,9324
INN,2017-07-14,10:29:00,17.77,17.77,17.75,17.77,3041
INN,2017-07-14,10:30:00,17.76,17.76,17.74,17.75,4440
INN,2017-07-14,10:31:00,17.75,17.75,17.75,17.75,900
INN,2017-07-14,10:32:00,17.75,17.77,17.75,17.77,1707
INN,2017-07-14,10:33:00,17.77,17.77,17.75,17.75,4700
INN,2017-07-14,10:34:00,17.74,17.75,17.74,17.75,1230
INN,2017-07-14,10:35:00,17.75,17.75,17.75,17.75,1200
INN,2017-07-14,10:36:00,17.76,17.76,17.76,17.76,2300
INN,2017-07-14,10:37:00,17.75,17.76,17.75,17.76,1299
INN,2017-07-14,10:38:00,17.77,17.77,17.76,17.76,800
INN,2017-07-14,10:39:00,17.76,17.77,17.76,17.76,3464
INN,2017-07-14,10:40:00,17.77,17.78,17.77,17.77,9000
INN,2017-07-14,10:41:00,17.76,17.76,17.73,17.73,5050
INN,2017-07-14,10:42:00,17.75,17.76,17.75,17.76,4100
INN,2017-07-14,10:43:00,17.77,17.77,17.75,17.77,1650
INN,2017-07-14,10:44:00,17.77,17.79,17.77,17.79,2700
INN,2017-07-14,10:45:00,17.80,17.81,17.80,17.81,700
INN,2017-07-14,10:46:00,17.80,17.80,17.79,17.79,5100
INN,2017-07-14,10:47:00,17.80,17.80,17.79,17.79,1800
INN,2017-07-14,10:48:00,17.80,17.81,17.80,17.81,3183
INN,2017-07-14,10:49:00,17.81,17.82,17.81,17.81,2899
INN,2017-07-14,10:50:00,17.82,17.84,17.82,17.84,4296
INN,2017-07-14,10:51:00,17.83,17.83,17.81,17.81,2200
INN,2017-07-14,10:52:00,17.80,17.80,17.80,17.80,300
INN,2017-07-14,10:54:00,17.81,17.82,17.81,17.81,2078
INN,2017-07-14,10:55:00,17.82,17.84,17.82,17.84,6100
INN,2017-07-14,10:56:00,17.83,17.83,17.83,17.83,500
INN,2017-07-14,10:57:00,17.83,17.84,17.83,17.84,1742
INN,2017-07-14,10:58:00,17.84,17.85,17.84,17.85,341
INN,2017-07-14,10:59:00,17.85,17.86,17.84,17.84,3700
INN,2017-07-14,11:00:00,17.84,17.85,17.84,17.85,1800
INN,2017-07-14,11:01:00,17.86,17.86,17.82,17.82,3542
INN,2017-07-14,11:02:00,17.82,17.84,17.82,17.83,526
INN,2017-07-14,11:03:00,17.84,17.84,17.83,17.84,300
INN,2017-07-14,11:04:00,17.84,17.84,17.84,17.84,471
INN,2017-07-14,11:05:00,17.84,17.85,17.84,17.85,1400
INN,2017-07-14,11:06:00,17.85,17.86,17.84,17.86,600
INN,2017-07-14,11:07:00,17.86,17.86,17.84,17.86,5725
INN,2017-07-14,11:08:00,17.85,17.85,17.83,17.83,2300
INN,2017-07-14,11:09:00,17.83,17.83,17.82,17.82,200
INN,2017-07-14,11:10:00,17.83,17.85,17.83,17.85,880
INN,2017-07-14,11:11:00,17.86,17.86,17.86,17.86,100
INN,2017-07-14,11:12:00,17.86,17.86,17.85,17.86,6980
INN,2017-07-14,11:14:00,17.86,17.86,17.86,17.86,200
INN,2017-07-14,11:15:00,17.85,17.85,17.85,17.85,300
INN,2017-07-14,11:16:00,17.86,17.87,17.86,17.87,400
INN,2017-07-14,11:17:00,17.87,17.87,17.87,17.87,100
INN,2017-07-14,11:18:00,17.87,17.87,17.87,17.87,400
INN,2017-07-14,11:19:00,17.86,17.86,17.86,17.86,1565
INN,2017-07-14,11:21:00,17.85,17.86,17.85,17.85,1800
INN,2017-07-14,11:22:00,17.86,17.87,17.86,17.87,850
INN,2017-07-14,11:23:00,17.87,17.89,17.87,17.89,2975
INN,2017-07-14,11:24:00,17.89,17.90,17.89,17.90,2397
INN,2017-07-14,11:25:00,17.90,17.91,17.90,17.91,5400
INN,2017-07-14,11:26:00,17.92,17.93,17.92,17.93,200
INN,2017-07-14,11:27:00,17.92,17.92,17.91,17.91,1800
INN,2017-07-14,11:29:00,17.91,17.91,17.91,17.91,100
INN,2017-07-14,11:31:00,17.90,17.90,17.90,17.90,300
INN,2017-07-14,11:33:00,17.91,17.91,17.91,17.91,400
INN,2017-07-14,11:35:00,17.91,17.92,17.90,17.90,4788
INN,2017-07-14,11:36:00,17.90,17.90,17.90,17.90,100
INN,2017-07-14,11:37:00,17.91,17.91,17.90,17.90,1100
INN,2017-07-14,11:38:00,17.91,17.93,17.91,17.93,4000
INN,2017-07-14,11:39:00,17.93,17.93,17.93,17.93,1274
INN,2017-07-14,11:40:00,17.93,17.94,17.93,17.94,3931
INN,2017-07-14,11:41:00,17.94,17.95,17.93,17.94,5148
INN,2017-07-14,11:42:00,17.95,17.95,17.94,17.95,1600
INN,2017-07-14,11:43:00,17.96,17.96,17.96,17.96,400
INN,2017-07-14,11:44:00,17.96,17.96,17.95,17.95,1000
INN,2017-07-14,11:45:00,17.95,17.95,17.94,17.94,2700
INN,2017-07-14,11:46:00,17.93,17.94,17.93,17.94,800
INN,2017-07-14,11:47:00,17.94,17.95,17.94,17.95,1550
INN,2017-07-14,11:48:00,17.96,17.96,17.96,17.96,100
INN,2017-07-14,11:49:00,17.96,17.96,17.95,17.95,300
INN,2017-07-14,11:50:00,17.95,17.95,17.95,17.95,1500
INN,2017-07-14,11:51:00,17.95,17.95,17.94,17.95,4484
INN,2017-07-14,11:52:00,17.95,17.96,17.95,17.96,2300
INN,2017-07-14,11:53:00,17.96,17.96,17.95,17.95,2787
INN,2017-07-14,11:54:00,17.97,17.97,17.97,17.97,100
INN,2017-07-14,11:55:00,17.98,17.98,17.96,17.96,3450
INN,2017-07-14,11:56:00,17.97,17.97,17.96,17.96,800
INN,2017-07-14,11:57:00,17.97,17.98,17.97,17.98,300
INN,2017-07-14,11:59:00,17.98,17.98,17.98,17.98,1400
INN,2017-07-14,12:01:00,17.98,17.99,17.98,17.99,800
INN,2017-07-14,12:03:00,17.99,17.99,17.96,17.96,3147
INN,2017-07-14,12:04:00,17.97,17.97,17.97,17.97,113
INN,2017-07-14,12:05:00,17.96,17.96,17.96,17.96,562
INN,2017-07-14,12:07:00,17.96,17.96,17.96,17.96,100
INN,2017-07-14,12:08:00,17.96,17.96,17.96,17.96,1340
INN,2017-07-14,12:09:00,17.95,17.95,17.95,17.95,100
INN,2017-07-14,12:11:00,17.95,17.96,17.95,17.96,280
INN,2017-07-14,12:12:00,17.95,17.96,17.95,17.96,895
INN,2017-07-14,12:13:00,17.96,17.96,17.96,17.96,549
INN,2017-07-14,12:14:00,17.96,17.96,17.96,17.96,300
INN,2017-07-14,12:15:00,17.96,17.96,17.96,17.96,640
INN,2017-07-14,12:17:00,17.96,17.96,17.95,17.95,1528
INN,2017-07-14,12:18:00,17.96,17.96,17.95,17.96,7031
INN,2017-07-14,12:19:00,17.95,17.95,17.95,17.95,125
INN,2017-07-14,12:20:00,17.95,17.95,17.95,17.95,1271
INN,2017-07-14,12:25:00,17.95,17.95,17.95,17.95,700
INN,2017-07-14,12:26:00,17.95,17.95,17.95,17.95,558
INN,2017-07-14,12:29:00,17.95,17.95,17.93,17.93,5042
INN,2017-07-14,12:30:00,17.93,17.93,17.93,17.93,2970
INN,2017-07-14,12:31:00,17.93,17.93,17.93,17.93,1350
INN,2017-07-14,12:32:00,17.95,17.95,17.94,17.94,700
INN,2017-07-14,12:33:00,17.95,17.95,17.95,17.95,940
INN,2017-07-14,12:35:00,17.95,17.95,17.95,17.95,900
INN,2017-07-14,12:36:00,17.95,17.95,17.95,17.95,6934
INN,2017-07-14,12:37:00,17.95,17.95,17.95,17.95,100
INN,2017-07-14,12:38:00,17.94,17.95,17.94,17.95,1200
INN,2017-07-14,12:39:00,17.94,17.95,17.94,17.95,4900
INN,2017-07-14,12:40:00,17.94,17.95,17.94,17.94,2303
INN,2017-07-14,12:41:00,17.93,17.93,17.93,17.93,100
INN,2017-07-14,12:42:00,17.93,17.93,17.93,17.93,1700
INN,2017-07-14,12:43:00,17.92,17.92,17.92,17.92,606
INN,2017-07-14,12:44:00,17.92,17.93,17.92,17.93,500
INN,2017-07-14,12:46:00,17.93,17.93,17.92,17.93,400
INN,2017-07-14,12:47:00,17.92,17.92,17.92,17.92,100
INN,2017-07-14,12:48:00,17.92,17.92,17.92,17.92,300
INN,2017-07-14,12:50:00,17.92,17.92,17.92,17.92,252
INN,2017-07-14,12:51:00,17.93,17.93,17.92,17.92,300
INN,2017-07-14,12:52:00,17.92,17.93,17.92,17.93,200
INN,2017-07-14,12:53:00,17.92,17.92,17.92,17.92,132
INN,2017-07-14,12:54:00,17.92,17.92,17.92,17.92,100
INN,2017-07-14,12:55:00,17.92,17.93,17.92,17.93,564
INN,2017-07-14,12:56:00,17.93,17.93,17.93,17.93,100
INN,2017-07-14,12:57:00,17.93,17.93,17.93,17.93,100
INN,2017-07-14,12:58:00,17.93,17.93,17.93,17.93,300
INN,2017-07-14,12:59:00,17.93,17.93,17.93,17.93,100
INN,2017-07-14,13:00:00,17.93,17.93,17.93,17.93,100
INN,2017-07-14,13:01:00,17.93,17.93,17.92,17.93,1391
INN,2017-07-14,13:02:00,17.93,17.93,17.93,17.93,100
INN,2017-07-14,13:03:00,17.93,17.93,17.92,17.92,2350
INN,2017-07-14,13:04:00,17.92,17.92,17.92,17.92,100
INN,2017-07-14,13:05:00,17.93,17.93,17.92,17.92,834
INN,2017-07-14,13:06:00,17.92,17.92,17.89,17.89,8060
INN,2017-07-14,13:07:00,17.90,17.90,17.90,17.90,1900
INN,2017-07-14,13:08:00,17.90,17.90,17.89,17.89,1419
INN,2017-07-14,13:09:00,17.90,17.90,17.90,17.90,100
INN,2017-07-14,13:10:00,17.90,17.90,17.88,17.88,2500
INN,2017-07-14,13:11:00,17.88,17.89,17.88,17.88,1900
INN,2017-07-14,13:12:00,17.88,17.89,17.88,17.89,2000
INN,2017-07-14,13:13:00,17.90,17.90,17.89,17.89,920
INN,2017-07-14,13:15:00,17.89,17.89,17.89,17.89,2147
INN,2017-07-14,13:16:00,17.88,17.90,17.88,17.90,3400
INN,2017-07-14,13:17:00,17.90,17.91,17.90,17.90,1400
INN,2017-07-14,13:18:00,17.90,17.91,17.90,17.90,700
INN,2017-07-14,13:19:00,17.91,17.91,17.91,17.91,200
INN,2017-07-14,13:21:00,17.91,17.91,17.90,17.90,1343
INN,2017-07-14,13:22:00,17.90,17.90,17.90,17.90,100
INN,2017-07-14,13:23:00,17.91,17.91,17.91,17.91,400
INN,2017-07-14,13:24:00,17.90,17.90,17.90,17.90,200
INN,2017-07-14,13:25:00,17.91,17.91,17.91,17.91,300
INN,2017-07-14,13:26:00,17.91,17.91,17.91,17.91,300
INN,2017-07-14,13:27:00,17.91,17.92,17.91,17.92,2200
INN,2017-07-14,13:28:00,17.91,17.92,17.91,17.91,500
INN,2017-07-14,13:29:00,17.91,17.91,17.91,17.91,500
INN,2017-07-14,13:30:00,17.91,17.91,17.91,17.91,200
INN,2017-07-14,13:31:00,17.92,17.92,17.91,17.91,1000
INN,2017-07-14,13:32:00,17.92,17.92,17.91,17.91,600
INN,2017-07-14,13:34:00,17.91,17.91,17.86,17.87,22203
INN,2017-07-14,13:35:00,17.88,17.88,17.87,17.87,2551
INN,2017-07-14,13:36:00,17.87,17.87,17.87,17.87,1000
INN,2017-07-14,13:37:00,17.86,17.86,17.86,17.86,600
INN,2017-07-14,13:38:00,17.86,17.87,17.86,17.87,800
INN,2017-07-14,13:39:00,17.86,17.86,17.86,17.86,300
INN,2017-07-14,13:40:00,17.86,17.86,17.86,17.86,200
INN,2017-07-14,13:45:00,17.86,17.86,17.86,17.86,100
INN,2017-07-14,13:48:00,17.87,17.87,17.86,17.86,1111
INN,2017-07-14,13:49:00,17.87,17.87,17.85,17.85,13844
INN,2017-07-14,13:50:00,17.85,17.86,17.82,17.83,12429
INN,2017-07-14,13:51:00,17.83,17.84,17.82,17.84,8062
INN,2017-07-14,13:52:00,17.84,17.86,17.84,17.85,6616
INN,2017-07-14,13:54:00,17.84,17.85,17.84,17.85,600
INN,2017-07-14,13:55:00,17.85,17.86,17.85,17.86,8387
INN,2017-07-14,13:56:00,17.86,17.86,17.86,17.86,200
INN,2017-07-14,13:57:00,17.86,17.86,17.84,17.84,3100
INN,2017-07-14,13:59:00,17.85,17.85,17.84,17.84,200
INN,2017-07-14,14:00:00,17.85,17.85,17.85,17.85,100
INN,2017-07-14,14:01:00,17.85,17.85,17.84,17.84,500
INN,2017-07-14,14:02:00,17.84,17.84,17.81,17.81,8548
INN,2017-07-14,14:04:00,17.82,17.82,17.82,17.82,2756
INN,2017-07-14,14:05:00,17.82,17.82,17.82,17.82,500
INN,2017-07-14,14:06:00,17.82,17.82,17.81,17.82,432
INN,2017-07-14,14:07:00,17.82,17.82,17.80,17.80,6493
INN,2017-07-14,14:09:00,17.80,17.80,17.80,17.80,100
INN,2017-07-14,14:10:00,17.80,17.80,17.80,17.80,4200
INN,2017-07-14,14:12:00,17.80,17.80,17.80,17.80,200
INN,2017-07-14,14:14:00,17.81,17.81,17.81,17.81,100
INN,2017-07-14,14:15:00,17.80,17.80,17.80,17.80,500
INN,2017-07-14,14:16:00,17.81,17.81,17.80,17.81,973
INN,2017-07-14,14:17:00,17.80,17.81,17.80,17.80,6200
INN,2017-07-14,14:18:00,17.81,17.81,17.80,17.80,400
INN,2017-07-14,14:19:00,17.80,17.82,17.80,17.82,4800
INN,2017-07-14,14:20:00,17.82,17.82,17.81,17.82,1900
INN,2017-07-14,14:21:00,17.82,17.82,17.80,17.80,3500
INN,2017-07-14,14:22:00,17.80,17.80,17.80,17.80,300
INN,2017-07-14,14:24:00,17.80,17.81,17.80,17.80,300
INN,2017-07-14,14:25:00,17.80,17.81,17.80,17.80,500
INN,2017-07-14,14:26:00,17.81,17.81,17.81,17.81,133
INN,2017-07-14,14:27:00,17.81,17.82,17.81,17.82,2977
INN,2017-07-14,14:28:00,17.82,17.82,17.82,17.82,800
INN,2017-07-14,14:29:00,17.82,17.82,17.79,17.79,9014
INN,2017-07-14,14:30:00,17.79,17.81,17.79,17.81,27901
INN,2017-07-14,14:31:00,17.81,17.81,17.80,17.80,2600
INN,2017-07-14,14:32:00,17.80,17.80,17.76,17.78,31688
INN,2017-07-14,14:33:00,17.78,17.79,17.78,17.78,1200
INN,2017-07-14,14:34:00,17.79,17.79,17.78,17.79,800
INN,2017-07-14,14:35:00,17.78,17.78,17.77,17.77,2000
INN,2017-07-14,14:36:00,17.77,17.77,17.76,17.76,6332
INN,2017-07-14,14:37:00,17.77,17.77,17.75,17.75,13526
INN,2017-07-14,14:38:00,17.75,17.76,17.74,17.75,9032
INN,2017-07-14,14:40:00,17.74,17.75,17.73,17.73,8275
INN,2017-07-14,14:41:00,17.73,17.73,17.73,17.73,2200
INN,2017-07-14,14:42:00,17.73,17.73,17.73,17.73,100
INN,2017-07-14,14:43:00,17.74,17.74,17.73,17.73,4242
INN,2017-07-14,14:44:00,17.73,17.73,17.73,17.73,900
INN,2017-07-14,14:45:00,17.73,17.75,17.73,17.75,2635
INN,2017-07-14,14:46:00,17.74,17.77,17.74,17.75,27500
INN,2017-07-14,14:47:00,17.74,17.75,17.73,17.73,10206
INN,2017-07-14,14:48:00,17.73,17.73,17.73,17.73,300
INN,2017-07-14,14:49:00,17.73,17.73,17.73,17.73,1200
INN,2017-07-14,14:50:00,17.73,17.73,17.73,17.73,1000
INN,2017-07-14,14:51:00,17.73,17.74,17.73,17.74,2700
INN,2017-07-14,14:53:00,17.75,17.75,17.75,17.75,19300
INN,2017-07-14,14:54:00,17.75,17.75,17.73,17.75,13629
INN,2017-07-14,14:55:00,17.74,17.75,17.74,17.74,1200
INN,2017-07-14,14:56:00,17.75,17.75,17.74,17.75,1100
INN,2017-07-14,14:57:00,17.75,17.75,17.74,17.74,1500
INN,2017-07-14,14:58:00,17.75,17.75,17.75,17.75,100
INN,2017-07-14,14:59:00,17.74,17.75,17.74,17.74,900
INN,2017-07-14,15:00:00,17.74,17.75,17.73,17.75,15269
INN,2017-07-14,15:01:00,17.74,17.76,17.73,17.74,54899
INN,2017-07-14,15:02:00,17.75,17.76,17.75,17.75,3302
INN,2017-07-14,15:03:00,17.76,17.77,17.75,17.77,4300
INN,2017-07-14,15:04:00,17.77,17.77,17.77,17.77,970
INN,2017-07-14,15:05:00,17.77,17.77,17.77,17.77,600
INN,2017-07-14,15:06:00,17.77,17.77,17.76,17.77,3651
INN,2017-07-14,15:07:00,17.76,17.76,17.76,17.76,1000
INN,2017-07-14,15:08:00,17.76,17.77,17.76,17.76,1200
INN,2017-07-14,15:09:00,17.76,17.77,17.76,17.77,1200
INN,2017-07-14,15:10:00,17.76,17.76,17.75,17.76,7033
INN,2017-07-14,15:11:00,17.76,17.77,17.76,17.77,700
INN,2017-07-14,15:12:00,17.77,17.78,17.77,17.78,5243
INN,2017-07-14,15:13:00,17.78,17.78,17.78,17.78,1500
INN,2017-07-14,15:14:00,17.79,17.79,17.78,17.78,1500
INN,2017-07-14,15:15:00,17.79,17.79,17.79,17.79,300
INN,2017-07-14,15:16:00,17.78,17.79,17.77,17.78,5760
INN,2017-07-14,15:17:00,17.79,17.79,17.79,17.79,600
INN,2017-07-14,15:18:00,17.79,17.79,17.79,17.79,6400
INN,2017-07-14,15:19:00,17.79,17.79,17.79,17.79,100
INN,2017-07-14,15:20:00,17.78,17.79,17.77,17.78,4200
INN,2017-07-14,15:21:00,17.79,17.79,17.78,17.79,350
INN,2017-07-14,15:22:00,17.78,17.78,17.78,17.78,1500
INN,2017-07-14,15:23:00,17.78,17.78,17.76,17.77,16033
INN,2017-07-14,15:24:00,17.77,17.78,17.77,17.77,4909
INN,2017-07-14,15:25:00,17.79,17.79,17.79,17.79,2200
INN,2017-07-14,15:26:00,17.80,17.80,17.80,17.80,6501
INN,2017-07-14,15:27:00,17.80,17.80,17.80,17.80,2750
INN,2017-07-14,15:28:00,17.80,17.80,17.79,17.80,10100
INN,2017-07-14,15:29:00,17.80,17.80,17.80,17.80,100
INN,2017-07-14,15:30:00,17.80,17.81,17.80,17.80,6541
INN,2017-07-14,15:31:00,17.79,17.80,17.79,17.79,3400
INN,2017-07-14,15:32:00,17.79,17.79,17.79,17.79,300
INN,2017-07-14,15:33:00,17.78,17.79,17.77,17.77,4800
INN,2017-07-14,15:34:00,17.77,17.77,17.77,17.77,900
INN,2017-07-14,15:35:00,17.77,17.78,17.77,17.78,10140
INN,2017-07-14,15:36:00,17.78,17.78,17.77,17.78,6300
INN,2017-07-14,15:37:00,17.77,17.78,17.77,17.77,3100
INN,2017-07-14,15:38:00,17.78,17.78,17.77,17.77,17871
INN,2017-07-14,15:39:00,17.78,17.78,17.77,17.78,1869
INN,2017-07-14,15:40:00,17.77,17.78,17.77,17.78,1900
INN,2017-07-14,15:41:00,17.77,17.78,17.77,17.77,1400
INN,2017-07-14,15:42:00,17.77,17.77,17.76,17.77,11095
INN,2017-07-14,15:43:00,17.77,17.77,17.76,17.76,2600
INN,2017-07-14,15:44:00,17.76,17.76,17.75,17.75,6247
INN,2017-07-14,15:45:00,17.75,17.76,17.75,17.76,4999
INN,2017-07-14,15:46:00,17.76,17.76,17.75,17.76,4000
INN,2017-07-14,15:47:00,17.76,17.76,17.76,17.76,2100
INN,2017-07-14,15:48:00,17.76,17.76,17.75,17.76,2600
INN,2017-07-14,15:49:00,17.76,17.76,17.75,17.76,2600
INN,2017-07-14,15:50:00,17.76,17.76,17.75,17.76,1000
INN,2017-07-14,15:51:00,17.76,17.76,17.75,17.76,12338
INN,2017-07-14,15:52:00,17.76,17.76,17.75,17.76,2200
INN,2017-07-14,15:53:00,17.76,17.77,17.75,17.77,11101
INN,2017-07-14,15:54:00,17.77,17.77,17.77,17.77,4947
INN,2017-07-14,15:55:00,17.77,17.78,17.76,17.77,24588
INN,2017-07-14,15:56:00,17.77,17.78,17.77,17.77,16107
INN,2017-07-14,15:57:00,17.77,17.78,17.77,17.77,11909
INN,2017-07-14,15:58:00,17.77,17.77,17.76,17.76,20355
INN,2017-07-14,15:59:00,17.76,17.76,17.75,17.76,27077
INN,2017-07-14,16:00:00,17.76,17.76,17.75,17.76,46557
INN,2017-07-17,09:30:00,17.68,17.68,17.68,17.68,16525
INN,2017-07-17,09:31:00,17.70,17.77,17.70,17.72,300
INN,2017-07-17,09:32:00,17.74,17.74,17.69,17.69,2442
INN,2017-07-17,09:33:00,17.68,17.70,17.65,17.65,2465
INN,2017-07-17,09:34:00,17.65,17.66,17.64,17.66,2844
INN,2017-07-17,09:35:00,17.67,17.67,17.65,17.67,1100
INN,2017-07-17,09:36:00,17.68,17.69,17.68,17.69,300
INN,2017-07-17,09:37:00,17.69,17.70,17.69,17.69,1100
INN,2017-07-17,09:38:00,17.72,17.73,17.72,17.72,1137
INN,2017-07-17,09:39:00,17.73,17.78,17.73,17.78,800
INN,2017-07-17,09:40:00,17.78,17.78,17.77,17.78,1300
INN,2017-07-17,09:41:00,17.79,17.79,17.79,17.79,200
INN,2017-07-17,09:42:00,17.78,17.78,17.78,17.78,1100
INN,2017-07-17,09:43:00,17.79,17.80,17.79,17.80,600
INN,2017-07-17,09:44:00,17.80,17.80,17.79,17.79,1960
INN,2017-07-17,09:45:00,17.80,17.82,17.80,17.81,1395
INN,2017-07-17,09:46:00,17.81,17.83,17.81,17.83,1100
INN,2017-07-17,09:47:00,17.84,17.85,17.84,17.84,2066
INN,2017-07-17,09:48:00,17.85,17.85,17.85,17.85,774
INN,2017-07-17,09:50:00,17.85,17.85,17.85,17.85,400
INN,2017-07-17,09:51:00,17.85,17.85,17.84,17.84,1362
INN,2017-07-17,09:52:00,17.85,17.87,17.85,17.87,2200
INN,2017-07-17,09:53:00,17.88,17.88,17.87,17.87,500
INN,2017-07-17,09:54:00,17.87,17.88,17.87,17.88,700
INN,2017-07-17,09:55:00,17.88,17.90,17.88,17.88,1718
INN,2017-07-17,09:56:00,17.89,17.90,17.88,17.88,1599
INN,2017-07-17,09:57:00,17.88,17.89,17.88,17.88,1000
INN,2017-07-17,09:58:00,17.88,17.88,17.88,17.88,600
INN,2017-07-17,09:59:00,17.89,17.89,17.88,17.88,1722
INN,2017-07-17,10:00:00,17.87,17.87,17.85,17.85,1500
INN,2017-07-17,10:01:00,17.85,17.85,17.82,17.83,5800
INN,2017-07-17,10:02:00,17.83,17.84,17.83,17.84,1300
INN,2017-07-17,10:03:00,17.83,17.84,17.82,17.82,1523
INN,2017-07-17,10:04:00,17.83,17.84,17.83,17.84,664
INN,2017-07-17,10:05:00,17.86,17.88,17.86,17.86,4100
INN,2017-07-17,10:06:00,17.87,17.88,17.87,17.87,1360
INN,2017-07-17,10:07:00,17.88,17.88,17.87,17.87,729
INN,2017-07-17,10:08:00,17.87,17.88,17.87,17.88,1000
INN,2017-07-17,10:09:00,17.88,17.89,17.88,17.88,2214
INN,2017-07-17,10:10:00,17.88,17.90,17.88,17.88,2515
INN,2017-07-17,10:11:00,17.89,17.91,17.89,17.90,2200
INN,2017-07-17,10:12:00,17.90,17.90,17.90,17.90,100
INN,2017-07-17,10:13:00,17.90,17.90,17.90,17.90,668
INN,2017-07-17,10:14:00,17.89,17.89,17.87,17.88,3357
INN,2017-07-17,10:15:00,17.88,17.90,17.88,17.90,1200
INN,2017-07-17,10:16:00,17.90,17.90,17.89,17.90,3728
INN,2017-07-17,10:17:00,17.90,17.91,17.90,17.91,500
INN,2017-07-17,10:18:00,17.90,17.90,17.90,17.90,400
INN,2017-07-17,10:19:00,17.91,17.95,17.91,17.95,3439
INN,2017-07-17,10:20:00,17.96,17.98,17.96,17.98,600
INN,2017-07-17,10:21:00,17.97,17.98,17.96,17.98,2700
INN,2017-07-17,10:22:00,17.98,17.99,17.98,17.99,282
INN,2017-07-17,10:23:00,17.98,17.99,17.98,17.99,1200
INN,2017-07-17,10:24:00,18.00,18.02,18.00,18.02,1165
INN,2017-07-17,10:25:00,18.03,18.04,18.03,18.04,600
INN,2017-07-17,10:26:00,18.05,18.06,18.04,18.06,2495
INN,2017-07-17,10:27:00,18.06,18.08,18.05,18.08,3469
INN,2017-07-17,10:28:00,18.08,18.11,18.06,18.11,6017
INN,2017-07-17,10:29:00,18.12,18.12,18.09,18.11,6053
INN,2017-07-17,10:30:00,18.11,18.12,18.04,18.05,8327
INN,2017-07-17,10:31:00,18.05,18.12,18.05,18.11,6785
INN,2017-07-17,10:32:00,18.11,18.12,18.08,18.08,4877
INN,2017-07-17,10:33:00,18.08,18.09,18.07,18.09,1550
INN,2017-07-17,10:34:00,18.08,18.11,18.07,18.11,2328
INN,2017-07-17,10:35:00,18.12,18.16,18.12,18.12,7254
INN,2017-07-17,10:36:00,18.13,18.15,18.13,18.14,1227
INN,2017-07-17,10:37:00,18.15,18.16,18.14,18.16,2200
INN,2017-07-17,10:38:00,18.16,18.17,18.16,18.17,1208
INN,2017-07-17,10:39:00,18.17,18.19,18.17,18.19,800
INN,2017-07-17,10:40:00,18.19,18.19,18.18,18.18,1262
INN,2017-07-17,10:41:00,18.18,18.18,18.15,18.16,3352
INN,2017-07-17,10:42:00,18.17,18.17,18.17,18.17,1400
INN,2017-07-17,10:43:00,18.18,18.18,18.13,18.13,4268
INN,2017-07-17,10:44:00,18.12,18.15,18.12,18.15,2200
INN,2017-07-17,10:45:00,18.15,18.16,18.14,18.16,2700
INN,2017-07-17,10:46:00,18.15,18.15,18.14,18.14,2100
INN,2017-07-17,10:47:00,18.14,18.15,18.14,18.14,2100
INN,2017-07-17,10:48:00,18.13,18.13,18.13,18.13,500
INN,2017-07-17,10:49:00,18.14,18.16,18.14,18.16,1434
INN,2017-07-17,10:50:00,18.16,18.16,18.15,18.15,800
INN,2017-07-17,10:51:00,18.16,18.17,18.15,18.15,1500
INN,2017-07-17,10:52:00,18.14,18.14,18.14,18.14,400
INN,2017-07-17,10:53:00,18.14,18.14,18.14,18.14,916
INN,2017-07-17,10:54:00,18.15,18.16,18.14,18.16,1700
INN,2017-07-17,10:55:00,18.16,18.16,18.16,18.16,1600
INN,2017-07-17,10:56:00,18.15,18.16,18.14,18.16,3174
INN,2017-07-17,10:57:00,18.16,18.16,18.16,18.16,4700
INN,2017-07-17,10:58:00,18.15,18.15,18.14,18.15,2500
INN,2017-07-17,10:59:00,18.15,18.16,18.11,18.11,5673
INN,2017-07-17,11:00:00,18.11,18.13,18.11,18.13,900
INN,2017-07-17,11:01:00,18.14,18.14,18.14,18.14,100
INN,2017-07-17,11:02:00,18.14,18.15,18.14,18.15,1916
INN,2017-07-17,11:03:00,18.15,18.18,18.14,18.18,3767
INN,2017-07-17,11:04:00,18.18,18.18,18.17,18.17,1300
INN,2017-07-17,11:05:00,18.17,18.21,18.17,18.20,3138
INN,2017-07-17,11:06:00,18.20,18.22,18.20,18.22,2200
INN,2017-07-17,11:07:00,18.22,18.22,18.21,18.21,700
INN,2017-07-17,11:08:00,18.20,18.20,18.20,18.20,1201
INN,2017-07-17,11:09:00,18.20,18.21,18.20,18.20,900
INN,2017-07-17,11:10:00,18.20,18.21,18.20,18.21,900
INN,2017-07-17,11:11:00,18.22,18.23,18.21,18.23,4738
INN,2017-07-17,11:12:00,18.23,18.23,18.21,18.21,5544
INN,2017-07-17,11:13:00,18.21,18.21,18.21,18.21,200
INN,2017-07-17,11:14:00,18.21,18.21,18.21,18.21,750
INN,2017-07-17,11:15:00,18.21,18.21,18.20,18.21,3343
INN,2017-07-17,11:16:00,18.21,18.22,18.20,18.22,2100
INN,2017-07-17,11:17:00,18.21,18.21,18.21,18.21,1600
INN,2017-07-17,11:18:00,18.22,18.23,18.22,18.23,700
INN,2017-07-17,11:19:00,18.23,18.23,18.23,18.23,300
INN,2017-07-17,11:21:00,18.23,18.23,18.22,18.23,3919
INN,2017-07-17,11:22:00,18.23,18.23,18.23,18.23,200
INN,2017-07-17,11:23:00,18.23,18.23,18.23,18.23,100
INN,2017-07-17,11:24:00,18.23,18.23,18.22,18.22,2360
INN,2017-07-17,11:25:00,18.22,18.22,18.20,18.21,2415
INN,2017-07-17,11:26:00,18.21,18.21,18.21,18.21,200
INN,2017-07-17,11:27:00,18.21,18.22,18.21,18.21,556
INN,2017-07-17,11:28:00,18.22,18.22,18.22,18.22,930
INN,2017-07-17,11:30:00,18.23,18.24,18.23,18.24,1765
INN,2017-07-17,11:31:00,18.24,18.25,18.24,18.24,2000
INN,2017-07-17,11:32:00,18.24,18.24,18.23,18.24,1400
INN,2017-07-17,11:33:00,18.24,18.24,18.24,18.24,900
INN,2017-07-17,11:34:00,18.24,18.24,18.24,18.24,1800
INN,2017-07-17,11:35:00,18.23,18.23,18.23,18.23,100
INN,2017-07-17,11:36:00,18.23,18.23,18.23,18.23,1169
INN,2017-07-17,11:37:00,18.22,18.23,18.22,18.23,200
INN,2017-07-17,11:38:00,18.23,18.23,18.23,18.23,900
INN,2017-07-17,11:39:00,18.23,18.23,18.23,18.23,400
INN,2017-07-17,11:40:00,18.23,18.23,18.22,18.23,7623
INN,2017-07-17,11:41:00,18.23,18.23,18.22,18.23,3687
INN,2017-07-17,11:42:00,18.22,18.22,18.21,18.21,1992
INN,2017-07-17,11:43:00,18.23,18.23,18.23,18.23,1000
INN,2017-07-17,11:44:00,18.24,18.25,18.23,18.25,1710
INN,2017-07-17,11:45:00,18.24,18.24,18.23,18.23,2352
INN,2017-07-17,11:46:00,18.23,18.23,18.23,18.23,700
INN,2017-07-17,11:47:00,18.23,18.23,18.23,18.23,200
INN,2017-07-17,11:48:00,18.22,18.22,18.21,18.21,1800
INN,2017-07-17,11:49:00,18.21,18.21,18.21,18.21,300
INN,2017-07-17,11:51:00,18.20,18.22,18.20,18.22,2300
INN,2017-07-17,11:52:00,18.22,18.22,18.21,18.21,1869
INN,2017-07-17,11:54:00,18.21,18.21,18.21,18.21,500
INN,2017-07-17,11:55:00,18.21,18.21,18.20,18.20,200
INN,2017-07-17,11:56:00,18.20,18.21,18.20,18.21,300
INN,2017-07-17,11:57:00,18.20,18.22,18.20,18.22,1475
INN,2017-07-17,11:59:00,18.21,18.21,18.20,18.20,2939
INN,2017-07-17,12:00:00,18.20,18.20,18.19,18.20,3754
INN,2017-07-17,12:01:00,18.20,18.20,18.19,18.20,2000
INN,2017-07-17,12:02:00,18.19,18.19,18.19,18.19,1569
INN,2017-07-17,12:03:00,18.18,18.18,18.18,18.18,180
INN,2017-07-17,12:04:00,18.19,18.19,18.19,18.19,100
INN,2017-07-17,12:05:00,18.19,18.19,18.19,18.19,100
INN,2017-07-17,12:06:00,18.18,18.19,18.18,18.19,700
INN,2017-07-17,12:07:00,18.19,18.19,18.18,18.18,3628
INN,2017-07-17,12:08:00,18.18,18.18,18.18,18.18,4377
INN,2017-07-17,12:09:00,18.18,18.18,18.17,18.17,387
INN,2017-07-17,12:10:00,18.18,18.18,18.18,18.18,1500
INN,2017-07-17,12:11:00,18.18,18.18,18.18,18.18,100
INN,2017-07-17,12:12:00,18.18,18.18,18.18,18.18,200
INN,2017-07-17,12:13:00,18.18,18.18,18.18,18.18,200
INN,2017-07-17,12:14:00,18.18,18.18,18.16,18.16,8114
INN,2017-07-17,12:15:00,18.17,18.17,18.16,18.16,700
INN,2017-07-17,12:17:00,18.17,18.18,18.16,18.16,6059
INN,2017-07-17,12:18:00,18.17,18.17,18.15,18.15,3731
INN,2017-07-17,12:19:00,18.16,18.16,18.16,18.16,950
INN,2017-07-17,12:21:00,18.16,18.16,18.16,18.16,900
INN,2017-07-17,12:23:00,18.16,18.16,18.16,18.16,200
INN,2017-07-17,12:24:00,18.16,18.16,18.16,18.16,100
INN,2017-07-17,12:25:00,18.16,18.16,18.16,18.16,900
INN,2017-07-17,12:26:00,18.16,18.16,18.16,18.16,300
INN,2017-07-17,12:27:00,18.16,18.16,18.15,18.16,500
INN,2017-07-17,12:28:00,18.16,18.16,18.16,18.16,200
INN,2017-07-17,12:29:00,18.16,18.16,18.16,18.16,300
INN,2017-07-17,12:30:00,18.16,18.16,18.16,18.16,700
INN,2017-07-17,12:31:00,18.16,18.16,18.15,18.16,2000
INN,2017-07-17,12:33:00,18.16,18.16,18.16,18.16,200
INN,2017-07-17,12:34:00,18.16,18.16,18.16,18.16,100
INN,2017-07-17,12:35:00,18.16,18.16,18.15,18.16,502
INN,2017-07-17,12:36:00,18.16,18.16,18.12,18.12,11973
INN,2017-07-17,12:37:00,18.11,18.12,18.11,18.12,2906
INN,2017-07-17,12:38:00,18.13,18.13,18.12,18.12,205
INN,2017-07-17,12:39:00,18.13,18.13,18.12,18.12,300
INN,2017-07-17,12:40:00,18.12,18.12,18.11,18.11,1335
INN,2017-07-17,12:41:00,18.11,18.11,18.11,18.11,100
INN,2017-07-17,12:42:00,18.11,18.12,18.11,18.11,1850
INN,2017-07-17,12:43:00,18.12,18.12,18.11,18.11,300
INN,2017-07-17,12:44:00,18.11,18.11,18.11,18.11,100
INN,2017-07-17,12:45:00,18.11,18.11,18.10,18.10,3620
INN,2017-07-17,12:46:00,18.11,18.11,18.10,18.10,3312
INN,2017-07-17,12:47:00,18.09,18.10,18.09,18.09,1300
INN,2017-07-17,12:48:00,18.10,18.10,18.09,18.09,924
INN,2017-07-17,12:49:00,18.09,18.09,18.09,18.09,300
INN,2017-07-17,12:50:00,18.09,18.09,18.09,18.09,200
INN,2017-07-17,12:51:00,18.09,18.10,18.09,18.10,200
INN,2017-07-17,12:52:00,18.09,18.10,18.09,18.09,300
INN,2017-07-17,12:53:00,18.09,18.10,18.09,18.09,800
INN,2017-07-17,12:54:00,18.09,18.10,18.09,18.09,900
INN,2017-07-17,12:55:00,18.09,18.11,18.09,18.11,5153
INN,2017-07-17,12:56:00,18.12,18.12,18.11,18.12,400
INN,2017-07-17,12:57:00,18.12,18.12,18.11,18.11,1400
INN,2017-07-17,12:59:00,18.11,18.13,18.11,18.12,8232
INN,2017-07-17,13:00:00,18.13,18.13,18.12,18.12,200
INN,2017-07-17,13:01:00,18.12,18.12,18.12,18.12,100
INN,2017-07-17,13:02:00,18.12,18.12,18.12,18.12,100
INN,2017-07-17,13:03:00,18.12,18.14,18.12,18.14,3279
INN,2017-07-17,13:06:00,18.13,18.13,18.13,18.13,747
INN,2017-07-17,13:07:00,18.14,18.14,18.13,18.13,200
INN,2017-07-17,13:08:00,18.13,18.13,18.13,18.13,200
INN,2017-07-17,13:09:00,18.13,18.14,18.13,18.14,2000
INN,2017-07-17,13:10:00,18.13,18.14,18.13,18.13,300
INN,2017-07-17,13:11:00,18.14,18.14,18.13,18.14,400
INN,2017-07-17,13:12:00,18.14,18.14,18.14,18.14,3800
INN,2017-07-17,13:13:00,18.15,18.15,18.14,18.14,200
INN,2017-07-17,13:14:00,18.14,18.14,18.14,18.14,100
INN,2017-07-17,13:15:00,18.14,18.15,18.14,18.14,500
INN,2017-07-17,13:16:00,18.15,18.15,18.14,18.14,4685
INN,2017-07-17,13:17:00,18.13,18.14,18.13,18.13,1026
INN,2017-07-17,13:18:00,18.14,18.14,18.14,18.14,200
INN,2017-07-17,13:19:00,18.14,18.14,18.14,18.14,500
INN,2017-07-17,13:20:00,18.13,18.14,18.13,18.13,800
INN,2017-07-17,13:21:00,18.14,18.14,18.13,18.13,300
INN,2017-07-17,13:22:00,18.13,18.14,18.13,18.13,800
INN,2017-07-17,13:23:00,18.13,18.13,18.13,18.13,100
INN,2017-07-17,13:24:00,18.13,18.14,18.13,18.13,1500
INN,2017-07-17,13:25:00,18.14,18.14,18.13,18.13,300
INN,2017-07-17,13:26:00,18.13,18.14,18.13,18.14,400
INN,2017-07-17,13:27:00,18.13,18.14,18.13,18.14,400
INN,2017-07-17,13:28:00,18.14,18.14,18.13,18.13,1122
INN,2017-07-17,13:29:00,18.14,18.14,18.13,18.14,2000
INN,2017-07-17,13:30:00,18.14,18.14,18.12,18.13,5638
INN,2017-07-17,13:31:00,18.12,18.13,18.12,18.12,1538
INN,2017-07-17,13:32:00,18.12,18.13,18.12,18.13,600
INN,2017-07-17,13:34:00,18.13,18.13,18.13,18.13,100
INN,2017-07-17,13:35:00,18.13,18.13,18.12,18.12,600
INN,2017-07-17,13:36:00,18.13,18.14,18.12,18.14,5368
INN,2017-07-17,13:37:00,18.14,18.14,18.14,18.14,800
INN,2017-07-17,13:38:00,18.14,18.14,18.14,18.14,800
INN,2017-07-17,13:39:00,18.13,18.14,18.13,18.14,2700
INN,2017-07-17,13:40:00,18.14,18.14,18.14,18.14,100
INN,2017-07-17,13:41:00,18.13,18.14,18.13,18.13,551
INN,2017-07-17,13:42:00,18.14,18.14,18.13,18.14,300
INN,2017-07-17,13:43:00,18.14,18.14,18.13,18.14,600
INN,2017-07-17,13:44:00,18.13,18.13,18.13,18.13,400
INN,2017-07-17,13:45:00,18.13,18.14,18.13,18.13,1220
INN,2017-07-17,13:46:00,18.14,18.14,18.14,18.14,400
INN,2017-07-17,13:47:00,18.13,18.13,18.13,18.13,100
INN,2017-07-17,13:48:00,18.13,18.14,18.13,18.14,2980
INN,2017-07-17,13:49:00,18.15,18.16,18.15,18.16,5000
INN,2017-07-17,13:50:00,18.16,18.16,18.16,18.16,1301
INN,2017-07-17,13:51:00,18.17,18.17,18.17,18.17,100
INN,2017-07-17,13:52:00,18.17,18.17,18.16,18.16,6351
INN,2017-07-17,13:53:00,18.16,18.16,18.15,18.15,4870
INN,2017-07-17,13:54:00,18.15,18.15,18.15,18.15,100
INN,2017-07-17,13:55:00,18.15,18.16,18.15,18.15,700
INN,2017-07-17,13:56:00,18.15,18.17,18.15,18.17,4157
INN,2017-07-17,13:57:00,18.18,18.18,18.18,18.18,1297
INN,2017-07-17,13:58:00,18.17,18.17,18.17,18.17,4200
INN,2017-07-17,13:59:00,18.18,18.18,18.17,18.17,500
INN,2017-07-17,14:00:00,18.17,18.18,18.17,18.18,200
INN,2017-07-17,14:01:00,18.17,18.17,18.15,18.16,7440
INN,2017-07-17,14:02:00,18.16,18.16,18.16,18.16,530
INN,2017-07-17,14:03:00,18.16,18.16,18.16,18.16,100
INN,2017-07-17,14:04:00,18.15,18.16,18.15,18.15,2100
INN,2017-07-17,14:05:00,18.16,18.16,18.15,18.15,200
INN,2017-07-17,14:06:00,18.15,18.15,18.15,18.15,200
INN,2017-07-17,14:07:00,18.15,18.15,18.15,18.15,100
INN,2017-07-17,14:08:00,18.16,18.16,18.15,18.16,500
INN,2017-07-17,14:09:00,18.15,18.16,18.15,18.16,400
INN,2017-07-17,14:10:00,18.16,18.16,18.15,18.16,400
INN,2017-07-17,14:11:00,18.15,18.16,18.15,18.15,1700
INN,2017-07-17,14:12:00,18.16,18.16,18.15,18.16,898
INN,2017-07-17,14:13:00,18.16,18.16,18.15,18.15,413
INN,2017-07-17,14:14:00,18.16,18.16,18.15,18.15,300
INN,2017-07-17,14:15:00,18.15,18.16,18.15,18.16,200
INN,2017-07-17,14:16:00,18.15,18.16,18.15,18.16,2700
INN,2017-07-17,14:17:00,18.16,18.16,18.15,18.15,1884
INN,2017-07-17,14:18:00,18.15,18.16,18.15,18.15,400
INN,2017-07-17,14:19:00,18.15,18.16,18.15,18.16,200
INN,2017-07-17,14:20:00,18.16,18.16,18.15,18.16,800
INN,2017-07-17,14:21:00,18.16,18.16,18.15,18.15,2000
INN,2017-07-17,14:22:00,18.15,18.16,18.15,18.16,900
INN,2017-07-17,14:23:00,18.15,18.16,18.15,18.16,1700
INN,2017-07-17,14:24:00,18.16,18.17,18.16,18.16,7464
INN,2017-07-17,14:25:00,18.16,18.16,18.16,18.16,100
INN,2017-07-17,14:26:00,18.16,18.16,18.16,18.16,348
INN,2017-07-17,14:27:00,18.17,18.17,18.16,18.16,1100
INN,2017-07-17,14:28:00,18.16,18.16,18.15,18.16,16900
INN,2017-07-17,14:29:00,18.15,18.16,18.15,18.16,300
INN,2017-07-17,14:30:00,18.15,18.16,18.15,18.15,400
INN,2017-07-17,14:31:00,18.15,18.15,18.15,18.15,100
INN,2017-07-17,14:32:00,18.16,18.16,18.15,18.15,300
INN,2017-07-17,14:33:00,18.16,18.16,18.15,18.15,200
INN,2017-07-17,14:34:00,18.16,18.16,18.15,18.16,400
INN,2017-07-17,14:35:00,18.15,18.15,18.15,18.15,1100
INN,2017-07-17,14:36:00,18.16,18.16,18.15,18.16,300
INN,2017-07-17,14:37:00,18.15,18.16,18.15,18.15,300
INN,2017-07-17,14:38:00,18.15,18.16,18.15,18.16,10229
INN,2017-07-17,14:39:00,18.16,18.16,18.16,18.16,1879
INN,2017-07-17,14:40:00,18.16,18.16,18.14,18.15,5678
INN,2017-07-17,14:41:00,18.14,18.14,18.14,18.14,400
INN,2017-07-17,14:42:00,18.14,18.15,18.14,18.14,400
INN,2017-07-17,14:43:00,18.14,18.15,18.14,18.15,700
INN,2017-07-17,14:44:00,18.15,18.15,18.14,18.14,900
INN,2017-07-17,14:45:00,18.14,18.14,18.14,18.14,500
INN,2017-07-17,14:46:00,18.14,18.15,18.14,18.14,500
INN,2017-07-17,14:47:00,18.15,18.15,18.14,18.14,200
INN,2017-07-17,14:48:00,18.14,18.15,18.14,18.14,300
INN,2017-07-17,14:49:00,18.14,18.15,18.14,18.14,600
INN,2017-07-17,14:50:00,18.14,18.15,18.14,18.15,200
INN,2017-07-17,14:51:00,18.14,18.15,18.14,18.15,500
INN,2017-07-17,14:52:00,18.15,18.15,18.14,18.14,500
INN,2017-07-17,14:53:00,18.14,18.14,18.14,18.14,400
INN,2017-07-17,14:54:00,18.14,18.15,18.14,18.14,2300
INN,2017-07-17,14:55:00,18.14,18.15,18.14,18.14,921
INN,2017-07-17,14:56:00,18.14,18.15,18.14,18.14,1900
INN,2017-07-17,14:57:00,18.15,18.15,18.14,18.14,750
INN,2017-07-17,14:58:00,18.15,18.15,18.14,18.14,200
INN,2017-07-17,14:59:00,18.15,18.15,18.13,18.14,3922
INN,2017-07-17,15:00:00,18.14,18.14,18.13,18.13,2226
INN,2017-07-17,15:02:00,18.13,18.14,18.13,18.14,7689
INN,2017-07-17,15:03:00,18.14,18.15,18.14,18.15,400
INN,2017-07-17,15:04:00,18.14,18.15,18.14,18.14,2139
INN,2017-07-17,15:05:00,18.14,18.14,18.14,18.14,200
INN,2017-07-17,15:06:00,18.15,18.15,18.14,18.14,600
INN,2017-07-17,15:07:00,18.14,18.14,18.14,18.14,100
INN,2017-07-17,15:08:00,18.14,18.15,18.14,18.14,500
INN,2017-07-17,15:09:00,18.14,18.14,18.12,18.12,8424
INN,2017-07-17,15:11:00,18.12,18.12,18.12,18.12,1501
INN,2017-07-17,15:12:00,18.13,18.13,18.12,18.12,804
INN,2017-07-17,15:13:00,18.13,18.14,18.13,18.14,4083
INN,2017-07-17,15:14:00,18.14,18.14,18.13,18.13,3210
INN,2017-07-17,15:16:00,18.13,18.13,18.12,18.13,700
INN,2017-07-17,15:17:00,18.13,18.13,18.12,18.13,700
INN,2017-07-17,15:18:00,18.12,18.13,18.12,18.13,300
INN,2017-07-17,15:19:00,18.13,18.13,18.12,18.13,900
INN,2017-07-17,15:20:00,18.13,18.13,18.12,18.13,1000
INN,2017-07-17,15:21:00,18.13,18.13,18.12,18.12,1100
INN,2017-07-17,15:22:00,18.12,18.13,18.12,18.13,500
INN,2017-07-17,15:23:00,18.13,18.13,18.12,18.13,1000
INN,2017-07-17,15:24:00,18.13,18.13,18.12,18.13,800
INN,2017-07-17,15:25:00,18.13,18.14,18.12,18.14,6294
INN,2017-07-17,15:26:00,18.13,18.14,18.13,18.14,831
INN,2017-07-17,15:27:00,18.13,18.14,18.13,18.14,200
INN,2017-07-17,15:28:00,18.13,18.14,18.13,18.14,600
INN,2017-07-17,15:29:00,18.14,18.14,18.14,18.14,1126
INN,2017-07-17,15:30:00,18.14,18.14,18.14,18.14,1151
INN,2017-07-17,15:31:00,18.14,18.14,18.14,18.14,1500
INN,2017-07-17,15:32:00,18.14,18.14,18.13,18.14,1400
INN,2017-07-17,15:33:00,18.14,18.14,18.14,18.14,1000
INN,2017-07-17,15:34:00,18.14,18.15,18.14,18.15,4528
INN,2017-07-17,15:35:00,18.15,18.15,18.15,18.15,871
INN,2017-07-17,15:36:00,18.15,18.15,18.14,18.14,3000
INN,2017-07-17,15:37:00,18.15,18.15,18.14,18.14,2505
INN,2017-07-17,15:38:00,18.14,18.14,18.14,18.14,6804
INN,2017-07-17,15:39:00,18.14,18.14,18.14,18.14,200
INN,2017-07-17,15:40:00,18.14,18.14,18.14,18.14,500
INN,2017-07-17,15:41:00,18.13,18.14,18.13,18.14,2361
INN,2017-07-17,15:42:00,18.14,18.14,18.13,18.13,700
INN,2017-07-17,15:43:00,18.14,18.14,18.13,18.14,5600
INN,2017-07-17,15:44:00,18.13,18.14,18.13,18.14,400
INN,2017-07-17,15:45:00,18.14,18.15,18.13,18.14,7443
INN,2017-07-17,15:46:00,18.14,18.15,18.14,18.15,102393
INN,2017-07-17,15:47:00,18.15,18.16,18.15,18.16,19540
INN,2017-07-17,15:48:00,18.16,18.17,18.16,18.16,3536
INN,2017-07-17,15:49:00,18.17,18.18,18.16,18.18,6644
INN,2017-07-17,15:50:00,18.18,18.18,18.18,18.18,5300
INN,2017-07-17,15:51:00,18.18,18.18,18.18,18.18,9470
INN,2017-07-17,15:52:00,18.18,18.18,18.17,18.18,6690
INN,2017-07-17,15:53:00,18.18,18.18,18.16,18.16,17895
INN,2017-07-17,15:54:00,18.16,18.17,18.16,18.17,40186
INN,2017-07-17,15:55:00,18.16,18.17,18.16,18.17,9561
INN,2017-07-17,15:56:00,18.17,18.18,18.17,18.18,15350
INN,2017-07-17,15:57:00,18.18,18.18,18.17,18.18,10189
INN,2017-07-17,15:58:00,18.18,18.18,18.17,18.18,7427
INN,2017-07-17,15:59:00,18.18,18.18,18.17,18.18,8863
INN,2017-07-17,16:00:00,18.17,18.18,18.17,18.17,22361
INN,2017-07-18,09:30:00,18.18,18.18,18.18,18.18,5499
INN,2017-07-18,09:31:00,18.12,18.12,18.12,18.12,100
INN,2017-07-18,09:32:00,18.13,18.13,18.13,18.13,100
INN,2017-07-18,09:33:00,18.15,18.16,18.14,18.16,1650
INN,2017-07-18,09:34:00,18.16,18.16,18.15,18.16,1050
INN,2017-07-18,09:35:00,18.16,18.16,18.12,18.13,8200
INN,2017-07-18,09:36:00,18.12,18.14,18.12,18.14,1200
INN,2017-07-18,09:37:00,18.14,18.16,18.14,18.16,2197
INN,2017-07-18,09:38:00,18.15,18.16,18.09,18.09,7287
INN,2017-07-18,09:39:00,18.10,18.10,18.09,18.10,1500
INN,2017-07-18,09:41:00,18.10,18.10,18.07,18.07,1659
INN,2017-07-18,09:42:00,18.08,18.10,18.08,18.10,2100
INN,2017-07-18,09:43:00,18.10,18.11,18.10,18.11,1800
INN,2017-07-18,09:44:00,18.11,18.11,18.11,18.11,2010
INN,2017-07-18,09:45:00,18.10,18.10,18.04,18.07,2900
INN,2017-07-18,09:46:00,18.06,18.07,18.04,18.04,800
INN,2017-07-18,09:47:00,18.04,18.04,18.03,18.04,1759
INN,2017-07-18,09:48:00,18.04,18.07,18.03,18.07,3244
INN,2017-07-18,09:49:00,18.07,18.07,18.05,18.05,649
INN,2017-07-18,09:50:00,18.06,18.06,18.06,18.06,1500
INN,2017-07-18,09:51:00,18.06,18.07,18.06,18.07,575
INN,2017-07-18,09:52:00,18.08,18.10,18.08,18.10,5910
INN,2017-07-18,09:53:00,18.10,18.12,18.09,18.12,7980
INN,2017-07-18,09:54:00,18.12,18.16,18.12,18.16,2200
INN,2017-07-18,09:55:00,18.15,18.16,18.15,18.16,7498
INN,2017-07-18,09:56:00,18.16,18.16,18.14,18.15,4481
INN,2017-07-18,09:57:00,18.15,18.16,18.15,18.16,1955
INN,2017-07-18,09:58:00,18.15,18.16,18.15,18.16,900
INN,2017-07-18,09:59:00,18.16,18.16,18.16,18.16,200
INN,2017-07-18,10:00:00,18.15,18.16,18.15,18.16,2500
INN,2017-07-18,10:01:00,18.16,18.16,18.14,18.14,3091
INN,2017-07-18,10:02:00,18.14,18.14,18.13,18.13,4100
INN,2017-07-18,10:03:00,18.14,18.14,18.14,18.14,600
INN,2017-07-18,10:04:00,18.14,18.15,18.14,18.15,3500
INN,2017-07-18,10:05:00,18.15,18.15,18.14,18.15,4800
INN,2017-07-18,10:06:00,18.14,18.15,18.14,18.14,1800
INN,2017-07-18,10:07:00,18.14,18.14,18.13,18.14,600
INN,2017-07-18,10:08:00,18.14,18.15,18.14,18.15,4436
INN,2017-07-18,10:09:00,18.15,18.15,18.15,18.15,200
INN,2017-07-18,10:10:00,18.15,18.16,18.15,18.15,6500
INN,2017-07-18,10:11:00,18.15,18.15,18.15,18.15,1200
INN,2017-07-18,10:12:00,18.15,18.15,18.14,18.15,1900
INN,2017-07-18,10:13:00,18.15,18.15,18.14,18.14,1678
INN,2017-07-18,10:14:00,18.14,18.14,18.14,18.14,600
INN,2017-07-18,10:15:00,18.13,18.13,18.13,18.13,200
INN,2017-07-18,10:16:00,18.13,18.13,18.13,18.13,100
INN,2017-07-18,10:17:00,18.13,18.13,18.13,18.13,578
INN,2017-07-18,10:18:00,18.12,18.12,18.10,18.10,1200
INN,2017-07-18,10:19:00,18.09,18.09,18.09,18.09,200
INN,2017-07-18,10:20:00,18.09,18.09,18.09,18.09,800
INN,2017-07-18,10:21:00,18.08,18.08,18.07,18.08,700
INN,2017-07-18,10:22:00,18.07,18.08,18.07,18.08,1051
INN,2017-07-18,10:23:00,18.08,18.08,18.08,18.08,400
INN,2017-07-18,10:24:00,18.07,18.07,18.07,18.07,1100
INN,2017-07-18,10:25:00,18.08,18.09,18.08,18.09,300
INN,2017-07-18,10:26:00,18.09,18.09,18.09,18.09,100
INN,2017-07-18,10:27:00,18.09,18.10,18.09,18.10,700
INN,2017-07-18,10:28:00,18.09,18.09,18.09,18.09,1100
INN,2017-07-18,10:29:00,18.08,18.09,18.08,18.09,500
INN,2017-07-18,10:30:00,18.09,18.09,18.09,18.09,100
INN,2017-07-18,10:31:00,18.09,18.09,18.09,18.09,100
INN,2017-07-18,10:33:00,18.09,18.09,18.08,18.08,1607
INN,2017-07-18,10:34:00,18.07,18.07,18.07,18.07,400
INN,2017-07-18,10:36:00,18.07,18.08,18.07,18.07,1100
INN,2017-07-18,10:37:00,18.08,18.09,18.08,18.09,800
INN,2017-07-18,10:38:00,18.10,18.10,18.10,18.10,400
INN,2017-07-18,10:39:00,18.10,18.10,18.10,18.10,400
INN,2017-07-18,10:40:00,18.11,18.11,18.10,18.10,1716
INN,2017-07-18,10:41:00,18.09,18.09,18.09,18.09,877
INN,2017-07-18,10:42:00,18.10,18.10,18.08,18.08,1000
INN,2017-07-18,10:43:00,18.08,18.08,18.07,18.07,777
INN,2017-07-18,10:44:00,18.07,18.08,18.07,18.08,200
INN,2017-07-18,10:45:00,18.07,18.09,18.07,18.09,1000
INN,2017-07-18,10:46:00,18.09,18.09,18.08,18.09,2454
INN,2017-07-18,10:47:00,18.09,18.09,18.09,18.09,400
INN,2017-07-18,10:48:00,18.08,18.08,18.05,18.05,2800
INN,2017-07-18,10:49:00,18.05,18.05,18.02,18.02,1778
INN,2017-07-18,10:51:00,18.02,18.04,18.02,18.04,1100
INN,2017-07-18,10:52:00,18.04,18.04,18.03,18.04,2450
INN,2017-07-18,10:53:00,18.04,18.04,18.02,18.02,1073
INN,2017-07-18,10:54:00,18.03,18.04,18.03,18.04,400
INN,2017-07-18,10:55:00,18.04,18.04,18.04,18.04,200
INN,2017-07-18,10:56:00,18.05,18.06,18.04,18.06,2550
INN,2017-07-18,10:57:00,18.06,18.07,18.06,18.06,600
INN,2017-07-18,10:58:00,18.05,18.05,18.04,18.05,1100
INN,2017-07-18,10:59:00,18.05,18.05,18.05,18.05,100
INN,2017-07-18,11:00:00,18.04,18.06,18.04,18.06,1000
INN,2017-07-18,11:01:00,18.05,18.05,18.05,18.05,543
INN,2017-07-18,11:03:00,18.04,18.04,18.03,18.03,1600
INN,2017-07-18,11:04:00,18.03,18.03,18.02,18.03,400
INN,2017-07-18,11:05:00,18.03,18.03,18.02,18.02,1088
INN,2017-07-18,11:06:00,18.03,18.03,18.01,18.02,1200
INN,2017-07-18,11:07:00,18.02,18.02,18.02,18.02,1600
INN,2017-07-18,11:08:00,18.02,18.02,18.02,18.02,100
INN,2017-07-18,11:10:00,18.02,18.02,18.02,18.02,500
INN,2017-07-18,11:11:00,18.02,18.02,18.02,18.02,1012
INN,2017-07-18,11:12:00,18.02,18.02,18.02,18.02,1200
INN,2017-07-18,11:15:00,18.02,18.02,18.02,18.02,500
INN,2017-07-18,11:16:00,18.02,18.02,18.02,18.02,100
INN,2017-07-18,11:18:00,18.03,18.03,18.03,18.03,396
INN,2017-07-18,11:19:00,18.04,18.06,18.04,18.05,1400
INN,2017-07-18,11:21:00,18.06,18.07,18.06,18.07,900
INN,2017-07-18,11:22:00,18.08,18.09,18.08,18.09,1000
INN,2017-07-18,11:23:00,18.10,18.11,18.10,18.11,1700
INN,2017-07-18,11:24:00,18.11,18.11,18.10,18.11,1020
INN,2017-07-18,11:25:00,18.11,18.11,18.11,18.11,100
INN,2017-07-18,11:26:00,18.11,18.11,18.11,18.11,800
INN,2017-07-18,11:27:00,18.11,18.11,18.11,18.11,299
INN,2017-07-18,11:28:00,18.11,18.11,18.10,18.10,1500
INN,2017-07-18,11:30:00,18.10,18.10,18.09,18.09,1300
INN,2017-07-18,11:31:00,18.09,18.09,18.08,18.08,800
INN,2017-07-18,11:33:00,18.08,18.10,18.08,18.10,1554
INN,2017-07-18,11:37:00,18.09,18.09,18.09,18.09,900
INN,2017-07-18,11:38:00,18.10,18.12,18.10,18.12,538
INN,2017-07-18,11:39:00,18.12,18.12,18.12,18.12,699
INN,2017-07-18,11:40:00,18.13,18.13,18.13,18.13,500
INN,2017-07-18,11:41:00,18.13,18.13,18.12,18.13,600
INN,2017-07-18,11:42:00,18.13,18.13,18.12,18.12,2300
INN,2017-07-18,11:43:00,18.12,18.13,18.12,18.12,1000
INN,2017-07-18,11:44:00,18.13,18.13,18.12,18.13,400
INN,2017-07-18,11:45:00,18.12,18.13,18.12,18.12,1500
INN,2017-07-18,11:46:00,18.12,18.12,18.12,18.12,500
INN,2017-07-18,11:47:00,18.12,18.13,18.12,18.12,1200
INN,2017-07-18,11:48:00,18.12,18.12,18.10,18.10,3432
INN,2017-07-18,11:49:00,18.10,18.10,18.10,18.10,3400
INN,2017-07-18,11:50:00,18.11,18.11,18.11,18.11,900
INN,2017-07-18,11:51:00,18.11,18.11,18.11,18.11,2664
INN,2017-07-18,11:52:00,18.10,18.10,18.10,18.10,2139
INN,2017-07-18,11:54:00,18.10,18.11,18.10,18.10,3900
INN,2017-07-18,11:57:00,18.11,18.11,18.11,18.11,600
INN,2017-07-18,11:58:00,18.11,18.11,18.11,18.11,100
INN,2017-07-18,11:59:00,18.11,18.11,18.10,18.10,3872
INN,2017-07-18,12:00:00,18.10,18.11,18.10,18.10,6749
INN,2017-07-18,12:01:00,18.10,18.11,18.10,18.11,1900
INN,2017-07-18,12:02:00,18.11,18.11,18.10,18.10,10051
INN,2017-07-18,12:03:00,18.11,18.13,18.11,18.13,900
INN,2017-07-18,12:04:00,18.14,18.14,18.14,18.14,400
INN,2017-07-18,12:05:00,18.14,18.14,18.14,18.14,400
INN,2017-07-18,12:06:00,18.15,18.16,18.15,18.15,4300
INN,2017-07-18,12:07:00,18.16,18.16,18.16,18.16,700
INN,2017-07-18,12:08:00,18.16,18.16,18.15,18.15,2100
INN,2017-07-18,12:09:00,18.15,18.15,18.15,18.15,700
INN,2017-07-18,12:10:00,18.15,18.15,18.15,18.15,4300
INN,2017-07-18,12:11:00,18.15,18.15,18.14,18.14,4320
INN,2017-07-18,12:12:00,18.14,18.14,18.14,18.14,2500
INN,2017-07-18,12:14:00,18.14,18.14,18.14,18.14,600
INN,2017-07-18,12:15:00,18.14,18.15,18.14,18.15,300
INN,2017-07-18,12:16:00,18.15,18.15,18.15,18.15,3400
INN,2017-07-18,12:17:00,18.15,18.16,18.14,18.14,8450
INN,2017-07-18,12:18:00,18.15,18.15,18.15,18.15,500
INN,2017-07-18,12:19:00,18.15,18.15,18.15,18.15,100
INN,2017-07-18,12:22:00,18.15,18.15,18.15,18.15,1300
INN,2017-07-18,12:23:00,18.15,18.15,18.15,18.15,600
INN,2017-07-18,12:24:00,18.15,18.15,18.15,18.15,400
INN,2017-07-18,12:25:00,18.15,18.16,18.15,18.16,3632
INN,2017-07-18,12:26:00,18.16,18.16,18.16,18.16,500
INN,2017-07-18,12:27:00,18.16,18.16,18.16,18.16,600
INN,2017-07-18,12:29:00,18.16,18.16,18.16,18.16,100
INN,2017-07-18,12:30:00,18.15,18.15,18.15,18.15,600
INN,2017-07-18,12:31:00,18.16,18.16,18.16,18.16,800
INN,2017-07-18,12:32:00,18.16,18.18,18.16,18.18,6080
INN,2017-07-18,12:33:00,18.19,18.20,18.19,18.20,1200
INN,2017-07-18,12:34:00,18.20,18.20,18.18,18.19,8751
INN,2017-07-18,12:35:00,18.19,18.19,18.19,18.19,900
INN,2017-07-18,12:36:00,18.19,18.19,18.18,18.18,400
INN,2017-07-18,12:37:00,18.19,18.19,18.19,18.19,400
INN,2017-07-18,12:38:00,18.19,18.20,18.18,18.19,9183
INN,2017-07-18,12:39:00,18.19,18.20,18.19,18.19,2000
INN,2017-07-18,12:40:00,18.19,18.19,18.19,18.19,2100
INN,2017-07-18,12:41:00,18.19,18.20,18.18,18.19,1600
INN,2017-07-18,12:42:00,18.19,18.19,18.19,18.19,100
INN,2017-07-18,12:46:00,18.20,18.20,18.20,18.20,200
INN,2017-07-18,12:47:00,18.20,18.20,18.20,18.20,2800
INN,2017-07-18,12:48:00,18.21,18.21,18.20,18.20,2300
INN,2017-07-18,12:49:00,18.20,18.20,18.18,18.18,4356
INN,2017-07-18,12:51:00,18.18,18.18,18.17,18.17,975
INN,2017-07-18,12:52:00,18.18,18.18,18.18,18.18,1467
INN,2017-07-18,12:53:00,18.19,18.19,18.19,18.19,200
INN,2017-07-18,12:54:00,18.19,18.19,18.18,18.19,1200
INN,2017-07-18,12:55:00,18.19,18.19,18.18,18.18,200
INN,2017-07-18,12:56:00,18.19,18.19,18.18,18.18,1600
INN,2017-07-18,12:57:00,18.18,18.18,18.18,18.18,1192
INN,2017-07-18,12:58:00,18.18,18.18,18.18,18.18,100
INN,2017-07-18,12:59:00,18.18,18.18,18.18,18.18,100
INN,2017-07-18,13:00:00,18.17,18.17,18.17,18.17,900
INN,2017-07-18,13:01:00,18.17,18.17,18.17,18.17,800
INN,2017-07-18,13:02:00,18.17,18.17,18.15,18.15,7650
INN,2017-07-18,13:06:00,18.15,18.15,18.14,18.14,350
INN,2017-07-18,13:07:00,18.14,18.14,18.14,18.14,412
INN,2017-07-18,13:08:00,18.14,18.14,18.14,18.14,1200
INN,2017-07-18,13:09:00,18.15,18.15,18.15,18.15,1400
INN,2017-07-18,13:11:00,18.15,18.15,18.15,18.15,200
INN,2017-07-18,13:12:00,18.15,18.15,18.15,18.15,200
INN,2017-07-18,13:13:00,18.15,18.16,18.15,18.16,1600
INN,2017-07-18,13:14:00,18.15,18.15,18.15,18.15,427
INN,2017-07-18,13:15:00,18.16,18.16,18.16,18.16,1000
INN,2017-07-18,13:16:00,18.16,18.16,18.15,18.15,900
INN,2017-07-18,13:17:00,18.16,18.16,18.16,18.16,500
INN,2017-07-18,13:18:00,18.17,18.17,18.16,18.17,500
INN,2017-07-18,13:19:00,18.17,18.18,18.17,18.18,500
INN,2017-07-18,13:20:00,18.17,18.17,18.17,18.17,1300
INN,2017-07-18,13:21:00,18.16,18.17,18.16,18.17,400
INN,2017-07-18,13:23:00,18.17,18.18,18.17,18.18,1800
INN,2017-07-18,13:24:00,18.17,18.17,18.17,18.17,400
INN,2017-07-18,13:25:00,18.17,18.17,18.17,18.17,100
INN,2017-07-18,13:26:00,18.16,18.16,18.14,18.14,1600
INN,2017-07-18,13:27:00,18.14,18.14,18.14,18.14,400
INN,2017-07-18,13:28:00,18.15,18.15,18.15,18.15,200
INN,2017-07-18,13:30:00,18.15,18.15,18.13,18.13,1719
INN,2017-07-18,13:32:00,18.14,18.14,18.14,18.14,700
INN,2017-07-18,13:33:00,18.14,18.15,18.14,18.15,800
INN,2017-07-18,13:35:00,18.15,18.15,18.15,18.15,2300
INN,2017-07-18,13:37:00,18.14,18.14,18.14,18.14,164
INN,2017-07-18,13:38:00,18.14,18.14,18.14,18.14,600
INN,2017-07-18,13:40:00,18.13,18.13,18.13,18.13,100
INN,2017-07-18,13:42:00,18.14,18.14,18.14,18.14,400
INN,2017-07-18,13:43:00,18.15,18.15,18.15,18.15,1394
INN,2017-07-18,13:44:00,18.14,18.14,18.14,18.14,600
INN,2017-07-18,13:46:00,18.13,18.13,18.12,18.12,1250
INN,2017-07-18,13:48:00,18.12,18.12,18.12,18.12,225
INN,2017-07-18,13:49:00,18.11,18.11,18.11,18.11,100
INN,2017-07-18,13:50:00,18.12,18.13,18.12,18.13,1200
INN,2017-07-18,13:52:00,18.13,18.14,18.13,18.14,1200
INN,2017-07-18,13:53:00,18.13,18.13,18.12,18.13,1800
INN,2017-07-18,13:54:00,18.13,18.13,18.13,18.13,100
INN,2017-07-18,13:55:00,18.12,18.12,18.11,18.11,528
INN,2017-07-18,13:56:00,18.10,18.10,18.10,18.10,100
INN,2017-07-18,13:57:00,18.11,18.11,18.10,18.11,1640
INN,2017-07-18,13:58:00,18.11,18.12,18.11,18.12,800
INN,2017-07-18,13:59:00,18.12,18.12,18.12,18.12,400
INN,2017-07-18,14:02:00,18.12,18.12,18.10,18.10,600
INN,2017-07-18,14:03:00,18.11,18.11,18.10,18.10,500
INN,2017-07-18,14:05:00,18.10,18.10,18.08,18.09,6180
INN,2017-07-18,14:06:00,18.09,18.10,18.09,18.10,600
INN,2017-07-18,14:07:00,18.10,18.11,18.10,18.10,424
INN,2017-07-18,14:09:00,18.11,18.12,18.11,18.12,400
INN,2017-07-18,14:10:00,18.13,18.13,18.12,18.13,2483
INN,2017-07-18,14:11:00,18.13,18.13,18.13,18.13,300
INN,2017-07-18,14:12:00,18.13,18.13,18.13,18.13,900
INN,2017-07-18,14:13:00,18.13,18.13,18.13,18.13,200
INN,2017-07-18,14:14:00,18.13,18.13,18.12,18.13,500
INN,2017-07-18,14:15:00,18.12,18.12,18.10,18.10,4901
INN,2017-07-18,14:18:00,18.11,18.11,18.11,18.11,187
INN,2017-07-18,14:19:00,18.11,18.11,18.11,18.11,100
INN,2017-07-18,14:23:00,18.11,18.12,18.11,18.12,2466
INN,2017-07-18,14:24:00,18.12,18.12,18.11,18.12,700
INN,2017-07-18,14:25:00,18.11,18.11,18.11,18.11,600
INN,2017-07-18,14:26:00,18.11,18.11,18.08,18.08,4631
INN,2017-07-18,14:27:00,18.09,18.09,18.09,18.09,200
INN,2017-07-18,14:28:00,18.09,18.10,18.09,18.10,1100
INN,2017-07-18,14:34:00,18.09,18.09,18.09,18.09,800
INN,2017-07-18,14:35:00,18.09,18.09,18.09,18.09,200
INN,2017-07-18,14:36:00,18.09,18.09,18.09,18.09,2100
INN,2017-07-18,14:37:00,18.09,18.09,18.09,18.09,100
INN,2017-07-18,14:40:00,18.09,18.09,18.07,18.07,8171
INN,2017-07-18,14:41:00,18.07,18.07,18.07,18.07,900
INN,2017-07-18,14:44:00,18.08,18.08,18.07,18.08,400
INN,2017-07-18,14:45:00,18.08,18.08,18.08,18.08,158
INN,2017-07-18,14:46:00,18.08,18.09,18.07,18.07,3688
INN,2017-07-18,14:47:00,18.07,18.08,18.06,18.07,1400
INN,2017-07-18,14:48:00,18.07,18.07,18.07,18.07,300
INN,2017-07-18,14:49:00,18.07,18.07,18.06,18.06,2395
INN,2017-07-18,14:50:00,18.07,18.08,18.07,18.08,1200
INN,2017-07-18,14:51:00,18.07,18.07,18.07,18.07,100
INN,2017-07-18,14:52:00,18.08,18.08,18.07,18.08,3000
INN,2017-07-18,14:53:00,18.08,18.08,18.08,18.08,700
INN,2017-07-18,14:54:00,18.08,18.08,18.06,18.06,2406
INN,2017-07-18,14:55:00,18.07,18.07,18.07,18.07,1628
INN,2017-07-18,14:56:00,18.07,18.07,18.07,18.07,200
INN,2017-07-18,14:59:00,18.08,18.08,18.08,18.08,300
INN,2017-07-18,15:00:00,18.08,18.09,18.08,18.09,800
INN,2017-07-18,15:01:00,18.09,18.09,18.08,18.09,1400
INN,2017-07-18,15:02:00,18.09,18.09,18.09,18.09,600
INN,2017-07-18,15:03:00,18.09,18.10,18.09,18.09,1100
INN,2017-07-18,15:04:00,18.09,18.09,18.09,18.09,200
INN,2017-07-18,15:05:00,18.09,18.09,18.09,18.09,3177
INN,2017-07-18,15:06:00,18.09,18.10,18.09,18.09,900
INN,2017-07-18,15:08:00,18.09,18.09,18.09,18.09,100
INN,2017-07-18,15:09:00,18.09,18.09,18.09,18.09,285
INN,2017-07-18,15:11:00,18.10,18.10,18.10,18.10,622
INN,2017-07-18,15:12:00,18.10,18.10,18.09,18.10,700
INN,2017-07-18,15:13:00,18.10,18.10,18.10,18.10,416
INN,2017-07-18,15:14:00,18.10,18.10,18.08,18.09,4316
INN,2017-07-18,15:15:00,18.08,18.09,18.08,18.09,300
INN,2017-07-18,15:17:00,18.09,18.10,18.09,18.09,3800
INN,2017-07-18,15:18:00,18.09,18.09,18.09,18.09,700
INN,2017-07-18,15:19:00,18.10,18.10,18.09,18.10,7148
INN,2017-07-18,15:21:00,18.10,18.10,18.09,18.09,300
INN,2017-07-18,15:22:00,18.10,18.10,18.10,18.10,984
INN,2017-07-18,15:23:00,18.10,18.10,18.09,18.09,500
INN,2017-07-18,15:24:00,18.10,18.10,18.09,18.09,300
INN,2017-07-18,15:25:00,18.10,18.10,18.10,18.10,300
INN,2017-07-18,15:26:00,18.10,18.10,18.09,18.10,400
INN,2017-07-18,15:28:00,18.10,18.10,18.09,18.10,700
INN,2017-07-18,15:29:00,18.09,18.10,18.09,18.10,800
INN,2017-07-18,15:30:00,18.09,18.10,18.09,18.09,1100
INN,2017-07-18,15:31:00,18.09,18.09,18.07,18.07,11420
INN,2017-07-18,15:32:00,18.08,18.09,18.08,18.09,1700
INN,2017-07-18,15:33:00,18.09,18.09,18.09,18.09,1400
INN,2017-07-18,15:34:00,18.09,18.09,18.09,18.09,1300
INN,2017-07-18,15:35:00,18.09,18.09,18.09,18.09,100
INN,2017-07-18,15:36:00,18.09,18.09,18.09,18.09,2900
INN,2017-07-18,15:37:00,18.09,18.09,18.08,18.08,5471
INN,2017-07-18,15:38:00,18.09,18.09,18.08,18.09,500
INN,2017-07-18,15:41:00,18.09,18.09,18.08,18.09,900
INN,2017-07-18,15:42:00,18.08,18.08,18.08,18.08,100
INN,2017-07-18,15:43:00,18.09,18.09,18.09,18.09,100
INN,2017-07-18,15:44:00,18.09,18.09,18.09,18.09,900
INN,2017-07-18,15:45:00,18.09,18.09,18.09,18.09,6446
INN,2017-07-18,15:46:00,18.09,18.09,18.08,18.08,8366
INN,2017-07-18,15:47:00,18.08,18.08,18.08,18.08,900
INN,2017-07-18,15:48:00,18.08,18.08,18.07,18.07,4622
INN,2017-07-18,15:49:00,18.08,18.08,18.07,18.07,400
INN,2017-07-18,15:50:00,18.08,18.08,18.07,18.08,2927
INN,2017-07-18,15:51:00,18.08,18.08,18.08,18.08,2300
INN,2017-07-18,15:52:00,18.08,18.09,18.08,18.09,4359
INN,2017-07-18,15:53:00,18.09,18.09,18.09,18.09,4609
INN,2017-07-18,15:54:00,18.09,18.10,18.09,18.09,1300
INN,2017-07-18,15:55:00,18.09,18.10,18.09,18.10,3972
INN,2017-07-18,15:56:00,18.09,18.11,18.09,18.09,29377
INN,2017-07-18,15:57:00,18.09,18.09,18.09,18.09,1578
INN,2017-07-18,15:58:00,18.09,18.10,18.09,18.09,4050
INN,2017-07-18,15:59:00,18.09,18.09,18.08,18.09,11869
INN,2017-07-18,16:00:00,18.09,18.10,18.08,18.10,33285
INN,2017-07-19,09:30:00,18.12,18.12,18.12,18.12,5532
INN,2017-07-19,09:33:00,18.13,18.13,18.13,18.13,900
INN,2017-07-19,09:34:00,18.12,18.12,18.11,18.12,500
INN,2017-07-19,09:35:00,18.13,18.15,18.13,18.15,1100
INN,2017-07-19,09:36:00,18.15,18.15,18.13,18.15,1800
INN,2017-07-19,09:37:00,18.15,18.17,18.15,18.17,1855
INN,2017-07-19,09:38:00,18.17,18.17,18.16,18.16,1100
INN,2017-07-19,09:39:00,18.16,18.18,18.16,18.18,2100
INN,2017-07-19,09:40:00,18.18,18.22,18.18,18.22,3200
INN,2017-07-19,09:41:00,18.22,18.22,18.20,18.20,1200
INN,2017-07-19,09:42:00,18.19,18.23,18.19,18.23,3400
INN,2017-07-19,09:43:00,18.23,18.24,18.20,18.20,4100
INN,2017-07-19,09:44:00,18.20,18.24,18.20,18.24,4478
INN,2017-07-19,09:45:00,18.23,18.23,18.22,18.23,1200
INN,2017-07-19,09:46:00,18.23,18.23,18.20,18.20,1248
INN,2017-07-19,09:47:00,18.19,18.19,18.14,18.14,2900
INN,2017-07-19,09:48:00,18.13,18.13,18.12,18.13,800
INN,2017-07-19,09:50:00,18.11,18.11,18.09,18.10,6059
INN,2017-07-19,09:51:00,18.09,18.11,18.09,18.11,2200
INN,2017-07-19,09:52:00,18.11,18.11,18.10,18.11,1000
INN,2017-07-19,09:53:00,18.11,18.13,18.11,18.13,1500
INN,2017-07-19,09:54:00,18.13,18.13,18.12,18.13,854
INN,2017-07-19,09:55:00,18.13,18.13,18.12,18.12,1907
INN,2017-07-19,09:56:00,18.12,18.12,18.10,18.10,1100
INN,2017-07-19,09:57:00,18.11,18.13,18.11,18.13,600
INN,2017-07-19,09:58:00,18.12,18.13,18.12,18.13,1086
INN,2017-07-19,09:59:00,18.12,18.14,18.11,18.14,2200
INN,2017-07-19,10:00:00,18.15,18.17,18.15,18.15,3247
INN,2017-07-19,10:01:00,18.16,18.18,18.16,18.18,2100
INN,2017-07-19,10:02:00,18.19,18.22,18.19,18.21,6715
INN,2017-07-19,10:03:00,18.21,18.21,18.19,18.19,1962
INN,2017-07-19,10:04:00,18.20,18.22,18.20,18.20,1910
INN,2017-07-19,10:05:00,18.22,18.23,18.21,18.21,2057
INN,2017-07-19,10:06:00,18.21,18.21,18.21,18.21,200
INN,2017-07-19,10:07:00,18.21,18.21,18.20,18.21,1893
INN,2017-07-19,10:08:00,18.21,18.21,18.20,18.20,2814
INN,2017-07-19,10:09:00,18.20,18.20,18.20,18.20,1700
INN,2017-07-19,10:10:00,18.20,18.20,18.19,18.19,1106
INN,2017-07-19,10:11:00,18.19,18.19,18.18,18.18,1100
INN,2017-07-19,10:12:00,18.19,18.19,18.18,18.18,200
INN,2017-07-19,10:13:00,18.19,18.19,18.19,18.19,1283
INN,2017-07-19,10:14:00,18.18,18.19,18.18,18.19,2800
INN,2017-07-19,10:15:00,18.19,18.19,18.19,18.19,200
INN,2017-07-19,10:16:00,18.19,18.20,18.18,18.18,4983
INN,2017-07-19,10:17:00,18.18,18.18,18.17,18.17,1664
INN,2017-07-19,10:18:00,18.18,18.20,18.18,18.20,3950
INN,2017-07-19,10:20:00,18.20,18.20,18.19,18.20,1879
INN,2017-07-19,10:21:00,18.20,18.20,18.20,18.20,2676
INN,2017-07-19,10:22:00,18.20,18.21,18.20,18.20,7282
INN,2017-07-19,10:23:00,18.20,18.21,18.18,18.18,10230
INN,2017-07-19,10:24:00,18.18,18.18,18.17,18.17,600
INN,2017-07-19,10:25:00,18.17,18.17,18.17,18.17,100
INN,2017-07-19,10:26:00,18.17,18.17,18.17,18.17,200
INN,2017-07-19,10:27:00,18.17,18.17,18.16,18.17,2475
INN,2017-07-19,10:28:00,18.16,18.16,18.14,18.14,7744
INN,2017-07-19,10:29:00,18.14,18.14,18.14,18.14,1404
INN,2017-07-19,10:30:00,18.15,18.15,18.15,18.15,900
INN,2017-07-19,10:31:00,18.14,18.16,18.14,18.14,3148
INN,2017-07-19,10:32:00,18.13,18.14,18.13,18.14,500
INN,2017-07-19,10:33:00,18.14,18.14,18.14,18.14,800
INN,2017-07-19,10:34:00,18.15,18.15,18.14,18.14,600
INN,2017-07-19,10:35:00,18.14,18.15,18.14,18.14,1200
INN,2017-07-19,10:36:00,18.15,18.16,18.15,18.16,1000
INN,2017-07-19,10:37:00,18.15,18.15,18.15,18.15,300
INN,2017-07-19,10:38:00,18.15,18.16,18.13,18.15,2053
INN,2017-07-19,10:39:00,18.14,18.14,18.14,18.14,400
INN,2017-07-19,10:40:00,18.13,18.13,18.13,18.13,700
INN,2017-07-19,10:41:00,18.14,18.15,18.13,18.15,900
INN,2017-07-19,10:42:00,18.14,18.14,18.14,18.14,200
INN,2017-07-19,10:43:00,18.14,18.14,18.14,18.14,769
INN,2017-07-19,10:44:00,18.13,18.13,18.13,18.13,1000
INN,2017-07-19,10:45:00,18.13,18.14,18.13,18.14,300
INN,2017-07-19,10:46:00,18.14,18.14,18.13,18.13,2100
INN,2017-07-19,10:47:00,18.14,18.15,18.14,18.15,600
INN,2017-07-19,10:48:00,18.14,18.14,18.14,18.14,356
INN,2017-07-19,10:49:00,18.14,18.14,18.14,18.14,3000
INN,2017-07-19,10:50:00,18.15,18.16,18.15,18.16,1400
INN,2017-07-19,10:52:00,18.15,18.17,18.15,18.17,1483
INN,2017-07-19,10:53:00,18.17,18.17,18.15,18.15,1400
INN,2017-07-19,10:54:00,18.16,18.16,18.16,18.16,300
INN,2017-07-19,10:55:00,18.16,18.16,18.16,18.16,799
INN,2017-07-19,10:56:00,18.16,18.16,18.16,18.16,600
INN,2017-07-19,10:57:00,18.17,18.17,18.17,18.17,500
INN,2017-07-19,10:58:00,18.17,18.18,18.17,18.18,5212
INN,2017-07-19,11:00:00,18.18,18.18,18.16,18.16,2399
INN,2017-07-19,11:01:00,18.17,18.17,18.16,18.16,200
INN,2017-07-19,11:02:00,18.17,18.17,18.17,18.17,1300
INN,2017-07-19,11:03:00,18.17,18.17,18.17,18.17,100
INN,2017-07-19,11:04:00,18.17,18.17,18.17,18.17,952
INN,2017-07-19,11:05:00,18.16,18.16,18.16,18.16,100
INN,2017-07-19,11:06:00,18.17,18.18,18.17,18.17,1700
INN,2017-07-19,11:07:00,18.18,18.18,18.18,18.18,300
INN,2017-07-19,11:08:00,18.18,18.20,18.18,18.20,11234
INN,2017-07-19,11:09:00,18.20,18.20,18.20,18.20,7800
INN,2017-07-19,11:10:00,18.19,18.19,18.18,18.19,2590
INN,2017-07-19,11:11:00,18.19,18.19,18.19,18.19,100
INN,2017-07-19,11:13:00,18.18,18.19,18.18,18.18,1800
INN,2017-07-19,11:14:00,18.19,18.20,18.18,18.20,2600
INN,2017-07-19,11:15:00,18.19,18.19,18.19,18.19,300
INN,2017-07-19,11:17:00,18.20,18.20,18.20,18.20,2300
INN,2017-07-19,11:18:00,18.20,18.20,18.20,18.20,400
INN,2017-07-19,11:19:00,18.20,18.20,18.20,18.20,300
INN,2017-07-19,11:20:00,18.20,18.21,18.20,18.21,548
INN,2017-07-19,11:21:00,18.21,18.21,18.20,18.20,1300
INN,2017-07-19,11:22:00,18.20,18.20,18.20,18.20,7692
INN,2017-07-19,11:23:00,18.20,18.21,18.20,18.21,770
INN,2017-07-19,11:24:00,18.21,18.21,18.20,18.20,3630
INN,2017-07-19,11:25:00,18.20,18.20,18.20,18.20,500
INN,2017-07-19,11:26:00,18.20,18.21,18.20,18.21,300
INN,2017-07-19,11:27:00,18.21,18.21,18.20,18.20,4593
INN,2017-07-19,11:28:00,18.20,18.20,18.20,18.20,200
INN,2017-07-19,11:29:00,18.20,18.20,18.20,18.20,100
INN,2017-07-19,11:30:00,18.20,18.20,18.20,18.20,200
INN,2017-07-19,11:31:00,18.20,18.20,18.20,18.20,12305
INN,2017-07-19,11:33:00,18.20,18.20,18.18,18.18,3573
INN,2017-07-19,11:34:00,18.18,18.19,18.18,18.18,6253
INN,2017-07-19,11:35:00,18.18,18.18,18.17,18.17,900
INN,2017-07-19,11:36:00,18.16,18.17,18.16,18.16,1000
INN,2017-07-19,11:37:00,18.16,18.16,18.16,18.16,100
INN,2017-07-19,11:38:00,18.17,18.17,18.16,18.16,700
INN,2017-07-19,11:39:00,18.16,18.16,18.16,18.16,100
INN,2017-07-19,11:40:00,18.17,18.17,18.16,18.16,800
INN,2017-07-19,11:42:00,18.17,18.17,18.16,18.16,600
INN,2017-07-19,11:43:00,18.17,18.17,18.16,18.16,300
INN,2017-07-19,11:44:00,18.16,18.17,18.16,18.16,1292
INN,2017-07-19,11:45:00,18.16,18.16,18.16,18.16,400
INN,2017-07-19,11:46:00,18.16,18.16,18.16,18.16,600
INN,2017-07-19,11:47:00,18.16,18.18,18.16,18.18,3629
INN,2017-07-19,11:50:00,18.17,18.18,18.17,18.17,1671
INN,2017-07-19,11:51:00,18.17,18.18,18.16,18.17,2100
INN,2017-07-19,11:52:00,18.18,18.18,18.18,18.18,415
INN,2017-07-19,11:53:00,18.17,18.17,18.16,18.17,2250
INN,2017-07-19,11:54:00,18.17,18.17,18.17,18.17,600
INN,2017-07-19,11:57:00,18.17,18.17,18.17,18.17,200
INN,2017-07-19,11:58:00,18.17,18.18,18.17,18.18,300
INN,2017-07-19,11:59:00,18.17,18.17,18.17,18.17,600
INN,2017-07-19,12:00:00,18.17,18.17,18.17,18.17,400
INN,2017-07-19,12:01:00,18.18,18.19,18.18,18.19,731
INN,2017-07-19,12:02:00,18.18,18.19,18.18,18.19,300
INN,2017-07-19,12:03:00,18.19,18.19,18.19,18.19,700
INN,2017-07-19,12:04:00,18.18,18.19,18.18,18.18,800
INN,2017-07-19,12:06:00,18.18,18.18,18.17,18.17,1004
INN,2017-07-19,12:07:00,18.18,18.19,18.18,18.19,1039
INN,2017-07-19,12:09:00,18.19,18.19,18.19,18.19,100
INN,2017-07-19,12:10:00,18.19,18.20,18.19,18.20,1600
INN,2017-07-19,12:11:00,18.20,18.21,18.20,18.21,1341
INN,2017-07-19,12:12:00,18.21,18.21,18.21,18.21,281
INN,2017-07-19,12:14:00,18.21,18.21,18.21,18.21,1243
INN,2017-07-19,12:15:00,18.21,18.22,18.21,18.22,300
INN,2017-07-19,12:16:00,18.22,18.22,18.22,18.22,700
INN,2017-07-19,12:19:00,18.22,18.22,18.22,18.22,200
INN,2017-07-19,12:20:00,18.21,18.21,18.21,18.21,400
INN,2017-07-19,12:21:00,18.22,18.22,18.21,18.21,800
INN,2017-07-19,12:22:00,18.21,18.21,18.21,18.21,100
INN,2017-07-19,12:23:00,18.21,18.21,18.21,18.21,100
INN,2017-07-19,12:24:00,18.22,18.22,18.21,18.22,2200
INN,2017-07-19,12:26:00,18.22,18.23,18.21,18.21,1174
INN,2017-07-19,12:27:00,18.21,18.21,18.20,18.20,200
INN,2017-07-19,12:28:00,18.21,18.21,18.21,18.21,200
INN,2017-07-19,12:29:00,18.20,18.20,18.20,18.20,1164
INN,2017-07-19,12:30:00,18.20,18.20,18.20,18.20,2200
INN,2017-07-19,12:31:00,18.20,18.20,18.19,18.20,2712
INN,2017-07-19,12:32:00,18.20,18.21,18.20,18.20,900
INN,2017-07-19,12:33:00,18.20,18.20,18.20,18.20,200
INN,2017-07-19,12:34:00,18.20,18.20,18.20,18.20,100
INN,2017-07-19,12:35:00,18.20,18.21,18.20,18.21,500
INN,2017-07-19,12:36:00,18.22,18.22,18.22,18.22,100
INN,2017-07-19,12:37:00,18.21,18.21,18.21,18.21,635
INN,2017-07-19,12:38:00,18.20,18.20,18.20,18.20,100
INN,2017-07-19,12:39:00,18.20,18.21,18.20,18.20,1318
INN,2017-07-19,12:40:00,18.20,18.20,18.20,18.20,100
INN,2017-07-19,12:41:00,18.21,18.21,18.20,18.21,3417
INN,2017-07-19,12:43:00,18.20,18.20,18.20,18.20,700
INN,2017-07-19,12:44:00,18.20,18.20,18.20,18.20,100
INN,2017-07-19,12:45:00,18.20,18.20,18.20,18.20,500
INN,2017-07-19,12:46:00,18.20,18.20,18.20,18.20,1200
INN,2017-07-19,12:47:00,18.20,18.21,18.20,18.21,3955
INN,2017-07-19,12:48:00,18.21,18.21,18.20,18.21,800
INN,2017-07-19,12:49:00,18.21,18.21,18.21,18.21,1800
INN,2017-07-19,12:50:00,18.22,18.22,18.22,18.22,500
INN,2017-07-19,12:51:00,18.22,18.22,18.21,18.21,1600
INN,2017-07-19,12:52:00,18.21,18.21,18.21,18.21,500
INN,2017-07-19,12:53:00,18.21,18.21,18.21,18.21,200
INN,2017-07-19,12:54:00,18.21,18.23,18.21,18.23,3251
INN,2017-07-19,12:55:00,18.24,18.24,18.23,18.23,1900
INN,2017-07-19,12:56:00,18.23,18.24,18.23,18.24,700
INN,2017-07-19,12:57:00,18.23,18.23,18.23,18.23,2115
INN,2017-07-19,12:58:00,18.23,18.23,18.23,18.23,2604
INN,2017-07-19,12:59:00,18.23,18.25,18.23,18.24,2310
INN,2017-07-19,13:00:00,18.24,18.24,18.24,18.24,500
INN,2017-07-19,13:01:00,18.25,18.25,18.24,18.24,600
INN,2017-07-19,13:02:00,18.25,18.25,18.25,18.25,1763
INN,2017-07-19,13:03:00,18.25,18.25,18.25,18.25,300
INN,2017-07-19,13:04:00,18.25,18.25,18.25,18.25,200
INN,2017-07-19,13:05:00,18.25,18.25,18.25,18.25,500
INN,2017-07-19,13:06:00,18.25,18.25,18.25,18.25,200
INN,2017-07-19,13:07:00,18.25,18.25,18.25,18.25,500
INN,2017-07-19,13:08:00,18.25,18.25,18.25,18.25,1000
INN,2017-07-19,13:09:00,18.25,18.25,18.25,18.25,700
INN,2017-07-19,13:10:00,18.25,18.25,18.24,18.25,638
INN,2017-07-19,13:11:00,18.25,18.25,18.25,18.25,821
INN,2017-07-19,13:12:00,18.25,18.25,18.25,18.25,500
INN,2017-07-19,13:13:00,18.25,18.25,18.25,18.25,1000
INN,2017-07-19,13:14:00,18.25,18.25,18.25,18.25,1575
INN,2017-07-19,13:15:00,18.25,18.25,18.25,18.25,658
INN,2017-07-19,13:16:00,18.25,18.25,18.25,18.25,2800
INN,2017-07-19,13:17:00,18.25,18.25,18.25,18.25,1145
INN,2017-07-19,13:18:00,18.25,18.26,18.25,18.26,860
INN,2017-07-19,13:19:00,18.25,18.25,18.25,18.25,100
INN,2017-07-19,13:20:00,18.25,18.26,18.25,18.25,1300
INN,2017-07-19,13:21:00,18.25,18.26,18.25,18.26,500
INN,2017-07-19,13:22:00,18.26,18.26,18.25,18.26,1184
INN,2017-07-19,13:23:00,18.26,18.26,18.25,18.25,800
INN,2017-07-19,13:24:00,18.25,18.27,18.25,18.26,4264
INN,2017-07-19,13:25:00,18.27,18.27,18.27,18.27,100
INN,2017-07-19,13:26:00,18.27,18.27,18.27,18.27,200
INN,2017-07-19,13:28:00,18.27,18.27,18.27,18.27,200
INN,2017-07-19,13:29:00,18.26,18.27,18.26,18.27,404
INN,2017-07-19,13:30:00,18.27,18.27,18.27,18.27,200
INN,2017-07-19,13:31:00,18.27,18.27,18.27,18.27,700
INN,2017-07-19,13:32:00,18.27,18.27,18.27,18.27,200
INN,2017-07-19,13:33:00,18.27,18.27,18.27,18.27,500
INN,2017-07-19,13:34:00,18.27,18.27,18.26,18.26,600
INN,2017-07-19,13:35:00,18.27,18.27,18.27,18.27,100
INN,2017-07-19,13:37:00,18.27,18.27,18.27,18.27,3696
INN,2017-07-19,13:38:00,18.26,18.27,18.25,18.26,5021
INN,2017-07-19,13:39:00,18.26,18.27,18.25,18.27,3345
INN,2017-07-19,13:40:00,18.27,18.27,18.27,18.27,100
INN,2017-07-19,13:41:00,18.27,18.27,18.27,18.27,100
INN,2017-07-19,13:42:00,18.27,18.27,18.27,18.27,161
INN,2017-07-19,13:43:00,18.27,18.27,18.27,18.27,100
INN,2017-07-19,13:44:00,18.27,18.28,18.27,18.27,2689
INN,2017-07-19,13:46:00,18.27,18.28,18.25,18.26,4740
INN,2017-07-19,13:48:00,18.27,18.27,18.26,18.26,400
INN,2017-07-19,13:49:00,18.27,18.27,18.27,18.27,600
INN,2017-07-19,13:50:00,18.27,18.27,18.26,18.26,5741
INN,2017-07-19,13:51:00,18.26,18.26,18.26,18.26,100
INN,2017-07-19,13:52:00,18.26,18.27,18.25,18.27,1650
INN,2017-07-19,13:53:00,18.27,18.27,18.27,18.27,300
INN,2017-07-19,13:54:00,18.26,18.27,18.26,18.27,1844
INN,2017-07-19,13:55:00,18.27,18.27,18.27,18.27,300
INN,2017-07-19,13:56:00,18.27,18.28,18.27,18.28,700
INN,2017-07-19,13:57:00,18.28,18.28,18.27,18.27,300
INN,2017-07-19,13:58:00,18.28,18.28,18.28,18.28,400
INN,2017-07-19,13:59:00,18.27,18.27,18.27,18.27,500
INN,2017-07-19,14:01:00,18.28,18.28,18.27,18.27,1800
INN,2017-07-19,14:02:00,18.27,18.27,18.27,18.27,1488
INN,2017-07-19,14:03:00,18.27,18.28,18.27,18.28,400
INN,2017-07-19,14:04:00,18.27,18.27,18.27,18.27,100
INN,2017-07-19,14:05:00,18.27,18.28,18.27,18.28,2700
INN,2017-07-19,14:07:00,18.28,18.28,18.27,18.28,1400
INN,2017-07-19,14:08:00,18.27,18.27,18.27,18.27,414
INN,2017-07-19,14:09:00,18.28,18.28,18.28,18.28,1000
INN,2017-07-19,14:11:00,18.28,18.28,18.27,18.28,3100
INN,2017-07-19,14:12:00,18.28,18.28,18.28,18.28,200
INN,2017-07-19,14:13:00,18.28,18.28,18.28,18.28,300
INN,2017-07-19,14:14:00,18.28,18.28,18.27,18.27,1416
INN,2017-07-19,14:15:00,18.28,18.28,18.28,18.28,500
INN,2017-07-19,14:16:00,18.28,18.29,18.27,18.28,7850
INN,2017-07-19,14:17:00,18.27,18.28,18.27,18.28,1500
INN,2017-07-19,14:18:00,18.28,18.29,18.28,18.29,3365
INN,2017-07-19,14:19:00,18.28,18.28,18.27,18.27,2873
INN,2017-07-19,14:20:00,18.27,18.28,18.27,18.27,900
INN,2017-07-19,14:21:00,18.27,18.27,18.27,18.27,100
INN,2017-07-19,14:22:00,18.28,18.28,18.27,18.28,3300
INN,2017-07-19,14:23:00,18.28,18.28,18.27,18.27,1538
INN,2017-07-19,14:24:00,18.28,18.28,18.27,18.27,300
INN,2017-07-19,14:25:00,18.27,18.27,18.27,18.27,1332
INN,2017-07-19,14:26:00,18.26,18.26,18.26,18.26,200
INN,2017-07-19,14:27:00,18.27,18.27,18.27,18.27,1600
INN,2017-07-19,14:28:00,18.27,18.27,18.27,18.27,300
INN,2017-07-19,14:30:00,18.27,18.27,18.27,18.27,100
INN,2017-07-19,14:31:00,18.27,18.28,18.26,18.28,2300
INN,2017-07-19,14:32:00,18.29,18.29,18.29,18.29,2100
INN,2017-07-19,14:33:00,18.29,18.29,18.29,18.29,1344
INN,2017-07-19,14:34:00,18.28,18.28,18.28,18.28,129
INN,2017-07-19,14:35:00,18.28,18.29,18.27,18.28,3731
INN,2017-07-19,14:36:00,18.28,18.28,18.28,18.28,100
INN,2017-07-19,14:37:00,18.28,18.28,18.27,18.27,500
INN,2017-07-19,14:38:00,18.28,18.28,18.27,18.27,700
INN,2017-07-19,14:39:00,18.28,18.28,18.27,18.28,700
INN,2017-07-19,14:40:00,18.28,18.28,18.28,18.28,300
INN,2017-07-19,14:41:00,18.28,18.29,18.27,18.29,5547
INN,2017-07-19,14:42:00,18.28,18.29,18.28,18.28,700
INN,2017-07-19,14:43:00,18.29,18.29,18.29,18.29,177
INN,2017-07-19,14:44:00,18.28,18.29,18.28,18.29,800
INN,2017-07-19,14:45:00,18.29,18.29,18.29,18.29,300
INN,2017-07-19,14:46:00,18.28,18.29,18.28,18.28,700
INN,2017-07-19,14:47:00,18.28,18.29,18.28,18.29,1315
INN,2017-07-19,14:48:00,18.28,18.29,18.28,18.28,4722
INN,2017-07-19,14:50:00,18.27,18.27,18.27,18.27,200
INN,2017-07-19,14:51:00,18.28,18.28,18.27,18.28,2604
INN,2017-07-19,14:52:00,18.28,18.28,18.28,18.28,100
INN,2017-07-19,14:53:00,18.28,18.28,18.26,18.26,2200
INN,2017-07-19,14:54:00,18.27,18.27,18.27,18.27,1806
INN,2017-07-19,14:55:00,18.27,18.27,18.27,18.27,2000
INN,2017-07-19,14:56:00,18.27,18.27,18.27,18.27,3100
INN,2017-07-19,14:57:00,18.27,18.27,18.27,18.27,103
INN,2017-07-19,14:58:00,18.27,18.27,18.27,18.27,100
INN,2017-07-19,14:59:00,18.28,18.29,18.27,18.28,2807
INN,2017-07-19,15:00:00,18.27,18.27,18.27,18.27,100
INN,2017-07-19,15:01:00,18.28,18.28,18.28,18.28,700
INN,2017-07-19,15:03:00,18.29,18.29,18.29,18.29,1200
INN,2017-07-19,15:04:00,18.29,18.30,18.29,18.30,5400
INN,2017-07-19,15:07:00,18.30,18.30,18.30,18.30,500
INN,2017-07-19,15:08:00,18.30,18.30,18.30,18.30,200
INN,2017-07-19,15:09:00,18.30,18.30,18.29,18.30,3383
INN,2017-07-19,15:10:00,18.30,18.30,18.30,18.30,500
INN,2017-07-19,15:11:00,18.30,18.30,18.30,18.30,1100
INN,2017-07-19,15:12:00,18.30,18.30,18.30,18.30,500
INN,2017-07-19,15:13:00,18.30,18.30,18.30,18.30,1800
INN,2017-07-19,15:14:00,18.30,18.30,18.30,18.30,2300
INN,2017-07-19,15:15:00,18.29,18.30,18.29,18.29,2964
INN,2017-07-19,15:16:00,18.28,18.28,18.28,18.28,100
INN,2017-07-19,15:17:00,18.29,18.29,18.29,18.29,1400
INN,2017-07-19,15:18:00,18.29,18.30,18.29,18.30,1486
INN,2017-07-19,15:20:00,18.30,18.30,18.30,18.30,1200
INN,2017-07-19,15:21:00,18.29,18.30,18.29,18.30,1050
INN,2017-07-19,15:22:00,18.29,18.29,18.29,18.29,500
INN,2017-07-19,15:23:00,18.29,18.29,18.29,18.29,200
INN,2017-07-19,15:24:00,18.30,18.30,18.30,18.30,3100
INN,2017-07-19,15:25:00,18.30,18.30,18.30,18.30,4200
INN,2017-07-19,15:26:00,18.30,18.30,18.30,18.30,600
INN,2017-07-19,15:27:00,18.30,18.30,18.29,18.30,3719
INN,2017-07-19,15:28:00,18.29,18.30,18.28,18.30,8035
INN,2017-07-19,15:29:00,18.30,18.30,18.30,18.30,200
INN,2017-07-19,15:30:00,18.30,18.30,18.30,18.30,600
INN,2017-07-19,15:31:00,18.30,18.30,18.30,18.30,1300
INN,2017-07-19,15:32:00,18.30,18.30,18.29,18.29,3647
INN,2017-07-19,15:33:00,18.29,18.30,18.29,18.29,300
INN,2017-07-19,15:34:00,18.30,18.30,18.29,18.30,900
INN,2017-07-19,15:35:00,18.29,18.30,18.29,18.30,1300
INN,2017-07-19,15:36:00,18.29,18.30,18.29,18.29,400
INN,2017-07-19,15:37:00,18.29,18.30,18.29,18.29,1406
INN,2017-07-19,15:38:00,18.30,18.30,18.29,18.29,300
INN,2017-07-19,15:39:00,18.29,18.29,18.29,18.29,100
INN,2017-07-19,15:40:00,18.30,18.30,18.29,18.30,500
INN,2017-07-19,15:41:00,18.29,18.30,18.29,18.30,1700
INN,2017-07-19,15:42:00,18.30,18.30,18.29,18.30,906
INN,2017-07-19,15:43:00,18.30,18.30,18.30,18.30,1100
INN,2017-07-19,15:44:00,18.30,18.30,18.27,18.27,10861
INN,2017-07-19,15:45:00,18.27,18.28,18.27,18.28,3049
INN,2017-07-19,15:46:00,18.28,18.28,18.27,18.28,2657
INN,2017-07-19,15:47:00,18.28,18.29,18.28,18.28,5959
INN,2017-07-19,15:48:00,18.28,18.28,18.28,18.28,3060
INN,2017-07-19,15:49:00,18.29,18.29,18.29,18.29,100
INN,2017-07-19,15:50:00,18.29,18.29,18.28,18.29,2011
INN,2017-07-19,15:51:00,18.29,18.29,18.29,18.29,1800
INN,2017-07-19,15:52:00,18.29,18.29,18.29,18.29,800
INN,2017-07-19,15:53:00,18.29,18.29,18.29,18.29,700
INN,2017-07-19,15:54:00,18.28,18.29,18.28,18.28,800
INN,2017-07-19,15:55:00,18.28,18.29,18.26,18.27,9898
INN,2017-07-19,15:56:00,18.27,18.27,18.27,18.27,2537
INN,2017-07-19,15:57:00,18.27,18.27,18.27,18.27,3700
INN,2017-07-19,15:58:00,18.27,18.27,18.27,18.27,4886
INN,2017-07-19,15:59:00,18.27,18.28,18.27,18.28,4152
INN,2017-07-19,16:00:00,18.27,18.28,18.27,18.28,14582
INN,2017-07-20,09:30:00,18.30,18.30,18.30,18.30,3230
INN,2017-07-20,09:32:00,18.28,18.28,18.12,18.12,3656
INN,2017-07-20,09:33:00,18.12,18.21,18.12,18.21,2344
INN,2017-07-20,09:34:00,18.20,18.20,18.17,18.17,300
INN,2017-07-20,09:35:00,18.16,18.18,18.16,18.18,2500
INN,2017-07-20,09:37:00,18.21,18.24,18.21,18.24,500
INN,2017-07-20,09:39:00,18.23,18.23,18.21,18.21,1050
INN,2017-07-20,09:40:00,18.21,18.23,18.21,18.23,1100
INN,2017-07-20,09:41:00,18.23,18.24,18.21,18.21,800
INN,2017-07-20,09:42:00,18.20,18.20,18.20,18.20,1095
INN,2017-07-20,09:43:00,18.20,18.20,18.19,18.19,1000
INN,2017-07-20,09:44:00,18.19,18.19,18.18,18.19,3497
INN,2017-07-20,09:45:00,18.20,18.20,18.19,18.19,400
INN,2017-07-20,09:46:00,18.20,18.20,18.18,18.18,3900
INN,2017-07-20,09:47:00,18.19,18.20,18.18,18.18,700
INN,2017-07-20,09:48:00,18.19,18.19,18.17,18.17,1300
INN,2017-07-20,09:49:00,18.17,18.17,18.15,18.16,5500
INN,2017-07-20,09:50:00,18.16,18.17,18.16,18.16,1300
INN,2017-07-20,09:51:00,18.15,18.15,18.13,18.13,1150
INN,2017-07-20,09:52:00,18.13,18.14,18.13,18.13,1300
INN,2017-07-20,09:53:00,18.13,18.13,18.13,18.13,300
INN,2017-07-20,09:54:00,18.13,18.15,18.13,18.15,500
INN,2017-07-20,09:55:00,18.17,18.20,18.17,18.20,1200
INN,2017-07-20,09:56:00,18.20,18.20,18.18,18.19,1838
INN,2017-07-20,09:57:00,18.17,18.17,18.17,18.17,100
INN,2017-07-20,10:00:00,18.17,18.17,18.17,18.17,100
INN,2017-07-20,10:01:00,18.17,18.20,18.16,18.19,9800
INN,2017-07-20,10:02:00,18.19,18.19,18.16,18.16,1471
INN,2017-07-20,10:03:00,18.16,18.17,18.15,18.17,3943
INN,2017-07-20,10:04:00,18.17,18.17,18.16,18.16,700
INN,2017-07-20,10:05:00,18.17,18.17,18.16,18.16,862
INN,2017-07-20,10:06:00,18.15,18.15,18.15,18.15,700
INN,2017-07-20,10:07:00,18.16,18.16,18.15,18.15,400
INN,2017-07-20,10:08:00,18.15,18.15,18.14,18.14,500
INN,2017-07-20,10:09:00,18.15,18.15,18.14,18.14,300
INN,2017-07-20,10:10:00,18.14,18.15,18.14,18.15,300
INN,2017-07-20,10:11:00,18.15,18.15,18.15,18.15,300
INN,2017-07-20,10:12:00,18.15,18.16,18.15,18.16,500
INN,2017-07-20,10:13:00,18.16,18.16,18.15,18.15,300
INN,2017-07-20,10:14:00,18.14,18.14,18.14,18.14,200
INN,2017-07-20,10:15:00,18.13,18.15,18.13,18.14,1000
INN,2017-07-20,10:16:00,18.14,18.14,18.13,18.13,800
INN,2017-07-20,10:17:00,18.13,18.13,18.12,18.12,2800
INN,2017-07-20,10:18:00,18.13,18.14,18.13,18.14,900
INN,2017-07-20,10:19:00,18.15,18.15,18.14,18.14,200
INN,2017-07-20,10:20:00,18.13,18.14,18.13,18.14,402
INN,2017-07-20,10:21:00,18.13,18.13,18.11,18.11,1100
INN,2017-07-20,10:22:00,18.10,18.10,18.10,18.10,1038
INN,2017-07-20,10:23:00,18.11,18.11,18.11,18.11,200
INN,2017-07-20,10:24:00,18.12,18.12,18.12,18.12,100
INN,2017-07-20,10:25:00,18.12,18.12,18.09,18.10,1800
INN,2017-07-20,10:26:00,18.10,18.10,18.10,18.10,100
INN,2017-07-20,10:27:00,18.10,18.10,18.10,18.10,200
INN,2017-07-20,10:28:00,18.10,18.10,18.10,18.10,870
INN,2017-07-20,10:29:00,18.11,18.11,18.10,18.10,600
INN,2017-07-20,10:30:00,18.10,18.11,18.10,18.11,5000
INN,2017-07-20,10:31:00,18.11,18.11,18.11,18.11,1090
INN,2017-07-20,10:32:00,18.11,18.12,18.11,18.11,2004
INN,2017-07-20,10:33:00,18.11,18.11,18.10,18.10,616
INN,2017-07-20,10:34:00,18.10,18.14,18.10,18.14,7663
INN,2017-07-20,10:35:00,18.14,18.14,18.13,18.14,5881
INN,2017-07-20,10:36:00,18.13,18.13,18.11,18.12,1100
INN,2017-07-20,10:37:00,18.12,18.13,18.12,18.13,1520
INN,2017-07-20,10:38:00,18.13,18.16,18.13,18.13,10400
INN,2017-07-20,10:39:00,18.13,18.14,18.13,18.14,800
INN,2017-07-20,10:40:00,18.14,18.14,18.14,18.14,600
INN,2017-07-20,10:41:00,18.15,18.15,18.14,18.14,800
INN,2017-07-20,10:42:00,18.14,18.14,18.13,18.14,540
INN,2017-07-20,10:43:00,18.13,18.13,18.13,18.13,4700
INN,2017-07-20,10:44:00,18.14,18.14,18.14,18.14,200
INN,2017-07-20,10:45:00,18.14,18.15,18.14,18.15,300
INN,2017-07-20,10:46:00,18.15,18.15,18.14,18.14,600
INN,2017-07-20,10:47:00,18.14,18.14,18.14,18.14,200
INN,2017-07-20,10:48:00,18.15,18.15,18.14,18.14,800
INN,2017-07-20,10:49:00,18.15,18.15,18.15,18.15,200
INN,2017-07-20,10:50:00,18.15,18.15,18.15,18.15,200
INN,2017-07-20,10:51:00,18.16,18.16,18.16,18.16,200
INN,2017-07-20,10:52:00,18.15,18.17,18.15,18.17,2100
INN,2017-07-20,10:53:00,18.17,18.17,18.16,18.16,200
INN,2017-07-20,10:55:00,18.16,18.17,18.16,18.17,500
INN,2017-07-20,10:56:00,18.17,18.17,18.17,18.17,300
INN,2017-07-20,10:57:00,18.18,18.19,18.18,18.19,813
INN,2017-07-20,10:58:00,18.19,18.20,18.19,18.19,864
INN,2017-07-20,10:59:00,18.19,18.20,18.19,18.20,300
INN,2017-07-20,11:00:00,18.19,18.19,18.18,18.18,861
INN,2017-07-20,11:01:00,18.19,18.19,18.19,18.19,200
INN,2017-07-20,11:02:00,18.18,18.18,18.17,18.18,800
INN,2017-07-20,11:04:00,18.17,18.17,18.17,18.17,100
INN,2017-07-20,11:05:00,18.17,18.17,18.17,18.17,500
INN,2017-07-20,11:06:00,18.17,18.18,18.17,18.18,1200
INN,2017-07-20,11:07:00,18.19,18.19,18.18,18.18,1100
INN,2017-07-20,11:08:00,18.19,18.20,18.19,18.20,700
INN,2017-07-20,11:09:00,18.20,18.20,18.19,18.19,448
INN,2017-07-20,11:11:00,18.20,18.20,18.18,18.19,3100
INN,2017-07-20,11:12:00,18.18,18.18,18.18,18.18,300
INN,2017-07-20,11:13:00,18.16,18.16,18.15,18.15,1200
INN,2017-07-20,11:14:00,18.14,18.14,18.14,18.14,800
INN,2017-07-20,11:15:00,18.14,18.14,18.14,18.14,200
INN,2017-07-20,11:16:00,18.13,18.13,18.13,18.13,538
INN,2017-07-20,11:17:00,18.13,18.14,18.13,18.14,1802
INN,2017-07-20,11:19:00,18.14,18.14,18.14,18.14,300
INN,2017-07-20,11:20:00,18.14,18.14,18.14,18.14,300
INN,2017-07-20,11:21:00,18.14,18.15,18.14,18.15,400
INN,2017-07-20,11:22:00,18.15,18.15,18.14,18.14,1400
INN,2017-07-20,11:23:00,18.14,18.14,18.14,18.14,100
INN,2017-07-20,11:24:00,18.14,18.15,18.14,18.14,1300
INN,2017-07-20,11:25:00,18.14,18.14,18.14,18.14,200
INN,2017-07-20,11:26:00,18.14,18.15,18.14,18.15,1102
INN,2017-07-20,11:27:00,18.14,18.14,18.13,18.13,200
INN,2017-07-20,11:28:00,18.14,18.14,18.14,18.14,879
INN,2017-07-20,11:29:00,18.14,18.14,18.14,18.14,907
INN,2017-07-20,11:30:00,18.14,18.14,18.13,18.14,1027
INN,2017-07-20,11:31:00,18.14,18.14,18.14,18.14,400
INN,2017-07-20,11:32:00,18.14,18.14,18.14,18.14,600
INN,2017-07-20,11:33:00,18.14,18.14,18.14,18.14,200
INN,2017-07-20,11:34:00,18.16,18.16,18.16,18.16,100
INN,2017-07-20,11:35:00,18.16,18.16,18.14,18.14,900
INN,2017-07-20,11:36:00,18.14,18.14,18.14,18.14,200
INN,2017-07-20,11:37:00,18.14,18.14,18.13,18.14,800
INN,2017-07-20,11:38:00,18.13,18.13,18.13,18.13,100
INN,2017-07-20,11:39:00,18.13,18.13,18.13,18.13,2451
INN,2017-07-20,11:41:00,18.13,18.13,18.12,18.13,1690
INN,2017-07-20,11:43:00,18.13,18.13,18.13,18.13,100
INN,2017-07-20,11:44:00,18.12,18.12,18.12,18.12,400
INN,2017-07-20,11:46:00,18.12,18.13,18.12,18.13,200
INN,2017-07-20,11:47:00,18.13,18.13,18.13,18.13,100
INN,2017-07-20,11:48:00,18.13,18.13,18.13,18.13,200
INN,2017-07-20,11:49:00,18.14,18.14,18.14,18.14,400
INN,2017-07-20,11:50:00,18.14,18.14,18.14,18.14,300
INN,2017-07-20,11:51:00,18.14,18.14,18.14,18.14,100
INN,2017-07-20,11:52:00,18.14,18.14,18.13,18.14,672
INN,2017-07-20,11:53:00,18.14,18.14,18.14,18.14,100
INN,2017-07-20,11:54:00,18.14,18.14,18.14,18.14,200
INN,2017-07-20,11:55:00,18.14,18.14,18.14,18.14,400
INN,2017-07-20,11:56:00,18.13,18.14,18.13,18.14,600
INN,2017-07-20,11:58:00,18.13,18.13,18.10,18.11,4001
INN,2017-07-20,11:59:00,18.11,18.11,18.11,18.11,100
INN,2017-07-20,12:00:00,18.11,18.11,18.09,18.09,1769
INN,2017-07-20,12:01:00,18.09,18.09,18.08,18.08,400
INN,2017-07-20,12:02:00,18.07,18.07,18.07,18.07,100
INN,2017-07-20,12:03:00,18.08,18.09,18.08,18.09,885
INN,2017-07-20,12:05:00,18.07,18.07,18.07,18.07,400
INN,2017-07-20,12:06:00,18.07,18.07,18.07,18.07,200
INN,2017-07-20,12:07:00,18.07,18.07,18.07,18.07,200
INN,2017-07-20,12:08:00,18.08,18.08,18.08,18.08,100
INN,2017-07-20,12:09:00,18.07,18.07,18.07,18.07,200
INN,2017-07-20,12:11:00,18.07,18.08,18.07,18.08,300
INN,2017-07-20,12:12:00,18.08,18.08,18.07,18.08,1200
INN,2017-07-20,12:13:00,18.09,18.09,18.09,18.09,600
INN,2017-07-20,12:14:00,18.09,18.09,18.09,18.09,1179
INN,2017-07-20,12:15:00,18.10,18.10,18.09,18.10,5518
INN,2017-07-20,12:16:00,18.10,18.10,18.10,18.10,1500
INN,2017-07-20,12:19:00,18.11,18.11,18.11,18.11,100
INN,2017-07-20,12:20:00,18.10,18.10,18.10,18.10,100
INN,2017-07-20,12:22:00,18.10,18.11,18.10,18.10,400
INN,2017-07-20,12:24:00,18.11,18.11,18.11,18.11,1774
INN,2017-07-20,12:27:00,18.12,18.12,18.11,18.11,1900
INN,2017-07-20,12:28:00,18.12,18.12,18.12,18.12,200
INN,2017-07-20,12:30:00,18.11,18.12,18.11,18.12,3859
INN,2017-07-20,12:31:00,18.13,18.13,18.13,18.13,400
INN,2017-07-20,12:32:00,18.12,18.12,18.12,18.12,100
INN,2017-07-20,12:33:00,18.12,18.12,18.12,18.12,1100
INN,2017-07-20,12:34:00,18.12,18.12,18.12,18.12,300
INN,2017-07-20,12:36:00,18.12,18.12,18.12,18.12,1187
INN,2017-07-20,12:37:00,18.12,18.13,18.12,18.12,4121
INN,2017-07-20,12:38:00,18.12,18.12,18.12,18.12,200
INN,2017-07-20,12:39:00,18.12,18.12,18.12,18.12,100
INN,2017-07-20,12:42:00,18.13,18.13,18.12,18.12,402
INN,2017-07-20,12:43:00,18.13,18.13,18.13,18.13,839
INN,2017-07-20,12:46:00,18.14,18.14,18.14,18.14,590
INN,2017-07-20,12:50:00,18.14,18.15,18.14,18.15,2500
INN,2017-07-20,12:51:00,18.14,18.14,18.14,18.14,1200
INN,2017-07-20,12:52:00,18.14,18.14,18.14,18.14,100
INN,2017-07-20,12:54:00,18.15,18.15,18.15,18.15,300
INN,2017-07-20,12:55:00,18.16,18.17,18.16,18.17,500
INN,2017-07-20,12:56:00,18.16,18.16,18.16,18.16,1400
INN,2017-07-20,12:58:00,18.14,18.14,18.14,18.14,500
INN,2017-07-20,13:00:00,18.14,18.14,18.14,18.14,100
INN,2017-07-20,13:01:00,18.14,18.14,18.14,18.14,200
INN,2017-07-20,13:02:00,18.15,18.15,18.15,18.15,400
INN,2017-07-20,13:03:00,18.15,18.16,18.15,18.16,1100
INN,2017-07-20,13:04:00,18.15,18.15,18.15,18.15,200
INN,2017-07-20,13:06:00,18.16,18.16,18.16,18.16,300
INN,2017-07-20,13:09:00,18.15,18.16,18.15,18.16,200
INN,2017-07-20,13:10:00,18.15,18.15,18.14,18.15,2100
INN,2017-07-20,13:11:00,18.15,18.15,18.15,18.15,100
INN,2017-07-20,13:12:00,18.15,18.15,18.15,18.15,600
INN,2017-07-20,13:13:00,18.14,18.14,18.14,18.14,100
INN,2017-07-20,13:14:00,18.14,18.15,18.14,18.15,600
INN,2017-07-20,13:15:00,18.16,18.16,18.16,18.16,1100
INN,2017-07-20,13:16:00,18.16,18.16,18.16,18.16,400
INN,2017-07-20,13:17:00,18.16,18.16,18.16,18.16,500
INN,2017-07-20,13:18:00,18.17,18.17,18.17,18.17,1500
INN,2017-07-20,13:19:00,18.17,18.17,18.15,18.15,700
INN,2017-07-20,13:20:00,18.15,18.15,18.13,18.13,1600
INN,2017-07-20,13:21:00,18.14,18.14,18.13,18.14,1100
INN,2017-07-20,13:22:00,18.13,18.13,18.13,18.13,1000
INN,2017-07-20,13:23:00,18.13,18.13,18.12,18.13,700
INN,2017-07-20,13:24:00,18.12,18.12,18.12,18.12,1000
INN,2017-07-20,13:25:00,18.12,18.12,18.11,18.11,500
INN,2017-07-20,13:26:00,18.11,18.12,18.11,18.11,500
INN,2017-07-20,13:27:00,18.12,18.12,18.11,18.11,1100
INN,2017-07-20,13:28:00,18.11,18.12,18.11,18.11,500
INN,2017-07-20,13:29:00,18.12,18.12,18.11,18.11,700
INN,2017-07-20,13:30:00,18.12,18.12,18.11,18.11,1706
INN,2017-07-20,13:31:00,18.12,18.12,18.11,18.11,800
INN,2017-07-20,13:32:00,18.12,18.13,18.11,18.13,1000
INN,2017-07-20,13:33:00,18.12,18.13,18.12,18.12,2000
INN,2017-07-20,13:34:00,18.12,18.12,18.12,18.12,800
INN,2017-07-20,13:35:00,18.13,18.13,18.12,18.12,700
INN,2017-07-20,13:36:00,18.12,18.12,18.12,18.12,500
INN,2017-07-20,13:37:00,18.12,18.12,18.12,18.12,600
INN,2017-07-20,13:38:00,18.12,18.12,18.12,18.12,8447
INN,2017-07-20,13:39:00,18.12,18.14,18.12,18.13,1400
INN,2017-07-20,13:40:00,18.13,18.13,18.13,18.13,500
INN,2017-07-20,13:41:00,18.13,18.13,18.12,18.12,1548
INN,2017-07-20,13:42:00,18.12,18.14,18.12,18.14,1613
INN,2017-07-20,13:43:00,18.14,18.14,18.14,18.14,1200
INN,2017-07-20,13:44:00,18.14,18.14,18.13,18.14,900
INN,2017-07-20,13:45:00,18.13,18.14,18.12,18.13,800
INN,2017-07-20,13:46:00,18.13,18.13,18.13,18.13,400
INN,2017-07-20,13:47:00,18.13,18.14,18.13,18.14,646
INN,2017-07-20,13:48:00,18.13,18.13,18.13,18.13,752
INN,2017-07-20,13:49:00,18.14,18.14,18.12,18.12,1300
INN,2017-07-20,13:50:00,18.12,18.13,18.12,18.12,700
INN,2017-07-20,13:51:00,18.13,18.13,18.12,18.12,400
INN,2017-07-20,13:52:00,18.12,18.12,18.12,18.12,400
INN,2017-07-20,13:53:00,18.13,18.14,18.13,18.13,980
INN,2017-07-20,13:54:00,18.14,18.14,18.12,18.12,932
INN,2017-07-20,13:55:00,18.12,18.12,18.12,18.12,400
INN,2017-07-20,13:56:00,18.13,18.13,18.12,18.13,1499
INN,2017-07-20,13:57:00,18.13,18.13,18.13,18.13,1195
INN,2017-07-20,13:58:00,18.12,18.13,18.12,18.12,600
INN,2017-07-20,13:59:00,18.13,18.13,18.12,18.12,500
INN,2017-07-20,14:00:00,18.12,18.12,18.12,18.12,2443
INN,2017-07-20,14:01:00,18.13,18.13,18.12,18.13,1346
INN,2017-07-20,14:02:00,18.13,18.13,18.13,18.13,700
INN,2017-07-20,14:03:00,18.12,18.13,18.12,18.12,500
INN,2017-07-20,14:04:00,18.12,18.13,18.12,18.13,500
INN,2017-07-20,14:05:00,18.13,18.14,18.12,18.12,6465
INN,2017-07-20,14:06:00,18.12,18.12,18.12,18.12,700
INN,2017-07-20,14:07:00,18.12,18.12,18.11,18.11,1229
INN,2017-07-20,14:08:00,18.11,18.11,18.09,18.09,3400
INN,2017-07-20,14:09:00,18.09,18.10,18.09,18.09,700
INN,2017-07-20,14:10:00,18.09,18.09,18.08,18.08,1700
INN,2017-07-20,14:11:00,18.09,18.10,18.08,18.08,2700
INN,2017-07-20,14:12:00,18.08,18.08,18.06,18.06,1000
INN,2017-07-20,14:13:00,18.07,18.07,18.06,18.06,900
INN,2017-07-20,14:14:00,18.06,18.06,18.06,18.06,400
INN,2017-07-20,14:15:00,18.06,18.07,18.06,18.06,700
INN,2017-07-20,14:16:00,18.06,18.06,18.05,18.05,1400
INN,2017-07-20,14:17:00,18.05,18.06,18.05,18.05,700
INN,2017-07-20,14:18:00,18.06,18.07,18.06,18.06,1200
INN,2017-07-20,14:19:00,18.06,18.06,18.05,18.05,1200
INN,2017-07-20,14:20:00,18.05,18.06,18.05,18.05,1159
INN,2017-07-20,14:21:00,18.06,18.06,18.03,18.03,3700
INN,2017-07-20,14:22:00,18.03,18.04,18.02,18.02,6845
INN,2017-07-20,14:23:00,18.03,18.03,18.02,18.02,1000
INN,2017-07-20,14:24:00,18.02,18.02,18.01,18.02,1200
INN,2017-07-20,14:25:00,18.02,18.02,18.01,18.01,712
INN,2017-07-20,14:26:00,18.02,18.02,18.02,18.02,800
INN,2017-07-20,14:27:00,18.03,18.03,18.02,18.02,600
INN,2017-07-20,14:28:00,18.02,18.02,18.02,18.02,600
INN,2017-07-20,14:29:00,18.02,18.02,18.02,18.02,600
INN,2017-07-20,14:30:00,18.02,18.02,18.01,18.01,1538
INN,2017-07-20,14:31:00,18.02,18.03,18.01,18.01,1369
INN,2017-07-20,14:32:00,18.02,18.02,18.01,18.01,500
INN,2017-07-20,14:33:00,18.01,18.01,18.01,18.01,300
INN,2017-07-20,14:34:00,18.02,18.03,18.02,18.02,800
INN,2017-07-20,14:35:00,18.02,18.03,18.02,18.03,400
INN,2017-07-20,14:36:00,18.03,18.04,18.03,18.04,1200
INN,2017-07-20,14:37:00,18.03,18.03,18.03,18.03,800
INN,2017-07-20,14:38:00,18.02,18.03,18.02,18.03,500
INN,2017-07-20,14:39:00,18.02,18.03,18.02,18.02,500
INN,2017-07-20,14:40:00,18.02,18.04,18.02,18.04,2434
INN,2017-07-20,14:41:00,18.04,18.04,18.03,18.04,1300
INN,2017-07-20,14:42:00,18.04,18.06,18.04,18.06,400
INN,2017-07-20,14:43:00,18.05,18.05,18.04,18.04,900
INN,2017-07-20,14:44:00,18.03,18.04,18.03,18.04,700
INN,2017-07-20,14:45:00,18.03,18.04,18.03,18.04,700
INN,2017-07-20,14:46:00,18.03,18.04,18.03,18.03,600
INN,2017-07-20,14:47:00,18.03,18.04,18.03,18.04,500
INN,2017-07-20,14:48:00,18.03,18.04,18.02,18.04,3801
INN,2017-07-20,14:49:00,18.03,18.04,18.02,18.03,3200
INN,2017-07-20,14:50:00,18.03,18.03,18.02,18.02,3219
INN,2017-07-20,14:51:00,18.01,18.02,18.01,18.02,3001
INN,2017-07-20,14:52:00,18.01,18.02,18.01,18.02,2776
INN,2017-07-20,14:53:00,18.02,18.02,18.01,18.01,1427
INN,2017-07-20,14:54:00,18.01,18.02,18.01,18.02,500
INN,2017-07-20,14:55:00,18.01,18.02,18.01,18.01,1800
INN,2017-07-20,14:56:00,18.01,18.02,18.01,18.02,1200
INN,2017-07-20,14:57:00,18.01,18.02,18.00,18.00,2495
INN,2017-07-20,14:58:00,18.00,18.01,18.00,18.00,1320
INN,2017-07-20,14:59:00,18.00,18.02,17.99,18.00,10965
INN,2017-07-20,15:00:00,17.99,18.00,17.99,18.00,2292
INN,2017-07-20,15:01:00,18.00,18.01,18.00,18.01,754
INN,2017-07-20,15:02:00,18.00,18.00,18.00,18.00,500
INN,2017-07-20,15:03:00,18.00,18.02,18.00,18.02,1746
INN,2017-07-20,15:04:00,18.02,18.02,18.02,18.02,560
INN,2017-07-20,15:05:00,18.02,18.02,18.02,18.02,1511
INN,2017-07-20,15:06:00,18.02,18.02,18.01,18.02,500
INN,2017-07-20,15:07:00,18.01,18.03,18.01,18.03,2200
INN,2017-07-20,15:08:00,18.03,18.03,18.02,18.02,1760
INN,2017-07-20,15:09:00,18.01,18.01,18.00,18.01,6255
INN,2017-07-20,15:10:00,18.00,18.01,18.00,18.01,3757
INN,2017-07-20,15:11:00,18.00,18.01,18.00,18.01,500
INN,2017-07-20,15:12:00,18.00,18.01,18.00,18.01,1499
INN,2017-07-20,15:13:00,18.02,18.02,18.01,18.02,1800
INN,2017-07-20,15:14:00,18.02,18.02,18.01,18.02,1500
INN,2017-07-20,15:15:00,18.01,18.01,18.01,18.01,800
INN,2017-07-20,15:16:00,18.00,18.00,18.00,18.00,1000
INN,2017-07-20,15:17:00,18.00,18.00,17.99,17.99,1700
INN,2017-07-20,15:18:00,17.98,17.98,17.98,17.98,1833
INN,2017-07-20,15:19:00,17.98,17.98,17.97,17.98,2297
INN,2017-07-20,15:20:00,17.97,17.98,17.97,17.98,616
INN,2017-07-20,15:21:00,17.97,17.97,17.96,17.96,700
INN,2017-07-20,15:22:00,17.96,17.97,17.96,17.97,1560
INN,2017-07-20,15:23:00,17.97,17.97,17.97,17.97,1230
INN,2017-07-20,15:24:00,17.97,17.97,17.96,17.97,1636
INN,2017-07-20,15:25:00,17.96,17.96,17.96,17.96,400
INN,2017-07-20,15:26:00,17.96,17.98,17.96,17.98,2108
INN,2017-07-20,15:27:00,17.99,17.99,17.98,17.99,400
INN,2017-07-20,15:28:00,17.98,17.98,17.98,17.98,1508
INN,2017-07-20,15:29:00,17.98,17.99,17.98,17.99,900
INN,2017-07-20,15:30:00,17.98,17.98,17.98,17.98,400
INN,2017-07-20,15:31:00,17.98,17.98,17.98,17.98,500
INN,2017-07-20,15:32:00,17.98,17.98,17.97,17.98,4745
INN,2017-07-20,15:33:00,17.97,17.98,17.97,17.98,500
INN,2017-07-20,15:34:00,17.97,17.98,17.97,17.97,1000
INN,2017-07-20,15:35:00,17.97,17.98,17.96,17.98,4317
INN,2017-07-20,15:36:00,17.97,17.98,17.97,17.98,700
INN,2017-07-20,15:37:00,17.97,17.97,17.97,17.97,900
INN,2017-07-20,15:38:00,17.97,17.97,17.96,17.96,2477
INN,2017-07-20,15:39:00,17.96,17.97,17.96,17.96,900
INN,2017-07-20,15:40:00,17.96,17.96,17.95,17.95,2850
INN,2017-07-20,15:41:00,17.95,17.95,17.95,17.95,3800
INN,2017-07-20,15:42:00,17.95,17.95,17.94,17.95,1800
INN,2017-07-20,15:43:00,17.94,17.95,17.94,17.95,2000
INN,2017-07-20,15:44:00,17.95,17.95,17.94,17.94,2800
INN,2017-07-20,15:45:00,17.94,17.95,17.93,17.93,5592
INN,2017-07-20,15:46:00,17.93,17.93,17.91,17.91,2298
INN,2017-07-20,15:47:00,17.91,17.91,17.91,17.91,5501
INN,2017-07-20,15:48:00,17.90,17.91,17.90,17.91,3450
INN,2017-07-20,15:49:00,17.90,17.91,17.89,17.89,3994
INN,2017-07-20,15:50:00,17.89,17.90,17.89,17.89,6400
INN,2017-07-20,15:51:00,17.89,17.90,17.89,17.90,2600
INN,2017-07-20,15:52:00,17.89,17.89,17.88,17.89,5066
INN,2017-07-20,15:53:00,17.89,17.89,17.88,17.89,5467
INN,2017-07-20,15:54:00,17.89,17.89,17.88,17.88,4335
INN,2017-07-20,15:55:00,17.89,17.89,17.88,17.89,5902
INN,2017-07-20,15:56:00,17.89,17.89,17.88,17.88,7539
INN,2017-07-20,15:57:00,17.89,17.89,17.87,17.87,10334
INN,2017-07-20,15:58:00,17.87,17.88,17.87,17.87,6601
INN,2017-07-20,15:59:00,17.88,17.88,17.87,17.87,8463
INN,2017-07-20,16:00:00,17.88,17.89,17.87,17.88,19468
INN,2017-07-21,09:30:00,18.05,18.07,17.97,18.07,59768
INN,2017-07-21,09:31:00,17.99,18.00,17.98,17.98,1900
INN,2017-07-21,09:32:00,17.98,17.98,17.90,17.90,3400
INN,2017-07-21,09:33:00,17.90,17.91,17.89,17.91,1000
INN,2017-07-21,09:34:00,17.91,17.92,17.91,17.92,1100
INN,2017-07-21,09:35:00,17.93,17.96,17.93,17.96,800
INN,2017-07-21,09:36:00,17.96,17.99,17.96,17.99,1000
INN,2017-07-21,09:37:00,17.99,17.99,17.96,17.98,1700
INN,2017-07-21,09:38:00,17.98,17.98,17.98,17.98,200
INN,2017-07-21,09:39:00,17.99,18.01,17.99,18.00,900
INN,2017-07-21,09:40:00,18.00,18.00,18.00,18.00,300
INN,2017-07-21,09:41:00,17.99,17.99,17.96,17.96,4680
INN,2017-07-21,09:43:00,17.94,17.94,17.94,17.94,300
INN,2017-07-21,09:44:00,17.96,17.96,17.95,17.95,1200
INN,2017-07-21,09:45:00,17.96,17.96,17.95,17.95,800
INN,2017-07-21,09:46:00,17.95,17.95,17.93,17.93,800
INN,2017-07-21,09:47:00,17.93,17.95,17.93,17.95,2000
INN,2017-07-21,09:48:00,17.96,17.96,17.96,17.96,100
INN,2017-07-21,09:49:00,17.94,17.95,17.92,17.93,1400
INN,2017-07-21,09:50:00,17.93,17.93,17.92,17.93,600
INN,2017-07-21,09:51:00,17.92,17.92,17.89,17.89,2100
INN,2017-07-21,09:52:00,17.89,17.90,17.89,17.89,1000
INN,2017-07-21,09:53:00,17.91,17.92,17.91,17.92,400
INN,2017-07-21,09:54:00,17.91,17.94,17.91,17.94,400
INN,2017-07-21,09:55:00,17.93,17.93,17.93,17.93,300
INN,2017-07-21,09:56:00,17.93,17.95,17.93,17.95,500
INN,2017-07-21,09:57:00,17.95,17.95,17.94,17.94,3043
INN,2017-07-21,09:58:00,17.94,17.95,17.94,17.95,300
INN,2017-07-21,09:59:00,17.94,17.94,17.93,17.93,800
INN,2017-07-21,10:00:00,17.92,17.92,17.92,17.92,2600
INN,2017-07-21,10:01:00,17.92,17.92,17.92,17.92,1600
INN,2017-07-21,10:02:00,17.93,17.94,17.93,17.94,500
INN,2017-07-21,10:03:00,17.92,17.92,17.90,17.92,1662
INN,2017-07-21,10:04:00,17.92,17.92,17.92,17.92,300
INN,2017-07-21,10:05:00,17.92,17.92,17.92,17.92,100
INN,2017-07-21,10:06:00,17.92,17.92,17.87,17.88,5899
INN,2017-07-21,10:07:00,17.89,17.92,17.89,17.92,600
INN,2017-07-21,10:08:00,17.92,17.93,17.92,17.93,500
INN,2017-07-21,10:09:00,17.93,17.93,17.93,17.93,100
INN,2017-07-21,10:10:00,17.93,17.93,17.90,17.90,1000
INN,2017-07-21,10:11:00,17.89,17.89,17.87,17.87,500
INN,2017-07-21,10:12:00,17.88,17.89,17.88,17.89,500
INN,2017-07-21,10:13:00,17.89,17.89,17.88,17.89,1500
INN,2017-07-21,10:14:00,17.90,17.90,17.86,17.87,2500
INN,2017-07-21,10:15:00,17.87,17.88,17.83,17.83,2050
INN,2017-07-21,10:16:00,17.85,17.85,17.85,17.85,1614
INN,2017-07-21,10:17:00,17.85,17.86,17.84,17.84,2000
INN,2017-07-21,10:18:00,17.84,17.85,17.83,17.84,1600
INN,2017-07-21,10:19:00,17.85,17.85,17.84,17.84,300
INN,2017-07-21,10:20:00,17.85,17.85,17.84,17.84,800
INN,2017-07-21,10:21:00,17.84,17.85,17.84,17.85,300
INN,2017-07-21,10:23:00,17.86,17.88,17.84,17.86,9240
INN,2017-07-21,10:24:00,17.86,17.87,17.86,17.87,500
INN,2017-07-21,10:25:00,17.85,17.86,17.85,17.86,1000
INN,2017-07-21,10:26:00,17.84,17.84,17.84,17.84,200
INN,2017-07-21,10:27:00,17.83,17.83,17.82,17.82,1300
INN,2017-07-21,10:29:00,17.82,17.84,17.82,17.84,900
INN,2017-07-21,10:30:00,17.84,17.85,17.84,17.85,700
INN,2017-07-21,10:31:00,17.84,17.85,17.84,17.85,400
INN,2017-07-21,10:33:00,17.85,17.85,17.83,17.83,1276
INN,2017-07-21,10:34:00,17.82,17.83,17.82,17.83,300
INN,2017-07-21,10:35:00,17.83,17.84,17.83,17.84,1100
INN,2017-07-21,10:36:00,17.83,17.83,17.82,17.82,2000
INN,2017-07-21,10:37:00,17.83,17.83,17.83,17.83,300
INN,2017-07-21,10:39:00,17.84,17.84,17.82,17.83,1100
INN,2017-07-21,10:40:00,17.83,17.84,17.83,17.83,600
INN,2017-07-21,10:42:00,17.84,17.85,17.83,17.85,600
INN,2017-07-21,10:43:00,17.85,17.85,17.84,17.85,1115
INN,2017-07-21,10:44:00,17.85,17.85,17.85,17.85,1200
INN,2017-07-21,10:45:00,17.85,17.86,17.85,17.85,2100
INN,2017-07-21,10:46:00,17.85,17.85,17.84,17.84,500
INN,2017-07-21,10:47:00,17.84,17.85,17.84,17.85,900
INN,2017-07-21,10:48:00,17.85,17.85,17.83,17.83,600
INN,2017-07-21,10:49:00,17.83,17.83,17.83,17.83,300
INN,2017-07-21,10:50:00,17.83,17.83,17.82,17.82,600
INN,2017-07-21,10:51:00,17.83,17.84,17.83,17.84,400
INN,2017-07-21,10:52:00,17.83,17.83,17.82,17.82,600
INN,2017-07-21,10:53:00,17.81,17.81,17.79,17.80,3371
INN,2017-07-21,10:55:00,17.80,17.80,17.80,17.80,100
INN,2017-07-21,10:56:00,17.80,17.80,17.80,17.80,300
INN,2017-07-21,10:57:00,17.80,17.83,17.80,17.82,1500
INN,2017-07-21,10:58:00,17.82,17.82,17.80,17.80,1200
INN,2017-07-21,11:00:00,17.80,17.82,17.80,17.81,1600
INN,2017-07-21,11:01:00,17.81,17.81,17.80,17.80,300
INN,2017-07-21,11:02:00,17.80,17.82,17.80,17.82,700
INN,2017-07-21,11:03:00,17.82,17.82,17.81,17.82,600
INN,2017-07-21,11:04:00,17.81,17.82,17.81,17.82,500
INN,2017-07-21,11:05:00,17.82,17.82,17.82,17.82,766
INN,2017-07-21,11:07:00,17.82,17.83,17.82,17.83,1972
INN,2017-07-21,11:08:00,17.82,17.82,17.82,17.82,2092
INN,2017-07-21,11:09:00,17.83,17.84,17.83,17.84,2128
INN,2017-07-21,11:10:00,17.83,17.83,17.82,17.82,400
INN,2017-07-21,11:11:00,17.82,17.83,17.82,17.83,500
INN,2017-07-21,11:12:00,17.84,17.86,17.84,17.86,1437
INN,2017-07-21,11:13:00,17.85,17.86,17.84,17.84,1700
INN,2017-07-21,11:15:00,17.86,17.86,17.85,17.86,600
INN,2017-07-21,11:17:00,17.86,17.86,17.86,17.86,200
INN,2017-07-21,11:18:00,17.86,17.86,17.84,17.84,500
INN,2017-07-21,11:19:00,17.85,17.86,17.85,17.85,1300
INN,2017-07-21,11:20:00,17.86,17.87,17.86,17.86,400
INN,2017-07-21,11:21:00,17.86,17.86,17.86,17.86,300
INN,2017-07-21,11:22:00,17.86,17.86,17.84,17.84,589
INN,2017-07-21,11:23:00,17.85,17.86,17.85,17.86,1300
INN,2017-07-21,11:24:00,17.86,17.86,17.86,17.86,600
INN,2017-07-21,11:26:00,17.87,17.87,17.87,17.87,800
INN,2017-07-21,11:27:00,17.87,17.87,17.87,17.87,100
INN,2017-07-21,11:29:00,17.87,17.87,17.86,17.86,1698
INN,2017-07-21,11:30:00,17.86,17.86,17.85,17.85,4884
INN,2017-07-21,11:31:00,17.86,17.86,17.86,17.86,100
INN,2017-07-21,11:32:00,17.86,17.86,17.86,17.86,400
INN,2017-07-21,11:33:00,17.86,17.86,17.86,17.86,2100
INN,2017-07-21,11:34:00,17.86,17.86,17.84,17.84,1403
INN,2017-07-21,11:35:00,17.85,17.86,17.85,17.86,300
INN,2017-07-21,11:36:00,17.86,17.86,17.86,17.86,700
INN,2017-07-21,11:37:00,17.86,17.86,17.86,17.86,400
INN,2017-07-21,11:38:00,17.85,17.85,17.84,17.84,2051
INN,2017-07-21,11:39:00,17.84,17.84,17.84,17.84,500
INN,2017-07-21,11:40:00,17.84,17.84,17.84,17.84,200
INN,2017-07-21,11:41:00,17.85,17.85,17.84,17.84,600
INN,2017-07-21,11:42:00,17.85,17.85,17.85,17.85,100
INN,2017-07-21,11:43:00,17.85,17.85,17.85,17.85,100
INN,2017-07-21,11:44:00,17.85,17.85,17.85,17.85,100
INN,2017-07-21,11:45:00,17.86,17.86,17.86,17.86,200
INN,2017-07-21,11:46:00,17.86,17.86,17.85,17.85,3895
INN,2017-07-21,11:47:00,17.84,17.84,17.84,17.84,300
INN,2017-07-21,11:48:00,17.84,17.84,17.84,17.84,500
INN,2017-07-21,11:49:00,17.84,17.84,17.83,17.83,400
INN,2017-07-21,11:50:00,17.84,17.84,17.84,17.84,100
INN,2017-07-21,11:51:00,17.83,17.83,17.83,17.83,600
INN,2017-07-21,11:54:00,17.83,17.83,17.83,17.83,100
INN,2017-07-21,11:55:00,17.84,17.84,17.84,17.84,200
INN,2017-07-21,11:56:00,17.85,17.85,17.85,17.85,100
INN,2017-07-21,11:57:00,17.84,17.84,17.84,17.84,700
INN,2017-07-21,11:58:00,17.83,17.83,17.83,17.83,100
INN,2017-07-21,11:59:00,17.83,17.83,17.83,17.83,699
INN,2017-07-21,12:00:00,17.84,17.85,17.84,17.85,300
INN,2017-07-21,12:01:00,17.85,17.85,17.84,17.85,900
INN,2017-07-21,12:04:00,17.85,17.86,17.85,17.85,914
INN,2017-07-21,12:05:00,17.85,17.85,17.84,17.85,1300
INN,2017-07-21,12:06:00,17.85,17.85,17.85,17.85,300
INN,2017-07-21,12:07:00,17.85,17.85,17.84,17.84,4800
INN,2017-07-21,12:09:00,17.85,17.85,17.85,17.85,100
INN,2017-07-21,12:10:00,17.86,17.86,17.86,17.86,200
INN,2017-07-21,12:11:00,17.86,17.86,17.85,17.85,381
INN,2017-07-21,12:12:00,17.86,17.86,17.83,17.84,1700
INN,2017-07-21,12:14:00,17.83,17.83,17.83,17.83,1725
INN,2017-07-21,12:15:00,17.84,17.84,17.84,17.84,400
INN,2017-07-21,12:16:00,17.83,17.83,17.83,17.83,100
INN,2017-07-21,12:17:00,17.83,17.83,17.83,17.83,500
INN,2017-07-21,12:19:00,17.83,17.83,17.83,17.83,500
INN,2017-07-21,12:20:00,17.83,17.83,17.83,17.83,4942
INN,2017-07-21,12:21:00,17.84,17.84,17.84,17.84,500
INN,2017-07-21,12:24:00,17.84,17.85,17.84,17.85,900
INN,2017-07-21,12:25:00,17.85,17.85,17.84,17.85,4437
INN,2017-07-21,12:27:00,17.85,17.85,17.84,17.84,537
INN,2017-07-21,12:28:00,17.84,17.84,17.84,17.84,345
INN,2017-07-21,12:29:00,17.83,17.84,17.83,17.84,2165
INN,2017-07-21,12:30:00,17.84,17.85,17.84,17.85,2381
INN,2017-07-21,12:31:00,17.84,17.84,17.84,17.84,100
INN,2017-07-21,12:32:00,17.85,17.85,17.84,17.84,200
INN,2017-07-21,12:33:00,17.84,17.84,17.83,17.83,1259
INN,2017-07-21,12:34:00,17.84,17.84,17.84,17.84,400
INN,2017-07-21,12:35:00,17.85,17.85,17.85,17.85,100
INN,2017-07-21,12:36:00,17.85,17.85,17.85,17.85,300
INN,2017-07-21,12:38:00,17.84,17.85,17.84,17.85,200
INN,2017-07-21,12:39:00,17.84,17.84,17.84,17.84,100
INN,2017-07-21,12:41:00,17.84,17.84,17.84,17.84,400
INN,2017-07-21,12:42:00,17.85,17.86,17.85,17.86,500
INN,2017-07-21,12:43:00,17.86,17.86,17.85,17.85,3290
INN,2017-07-21,12:44:00,17.85,17.85,17.85,17.85,800
INN,2017-07-21,12:45:00,17.84,17.84,17.84,17.84,100
INN,2017-07-21,12:46:00,17.85,17.85,17.85,17.85,100
INN,2017-07-21,12:47:00,17.85,17.85,17.84,17.84,200
INN,2017-07-21,12:48:00,17.85,17.86,17.85,17.85,1100
INN,2017-07-21,12:50:00,17.86,17.86,17.86,17.86,1100
INN,2017-07-21,12:51:00,17.86,17.86,17.86,17.86,700
INN,2017-07-21,12:52:00,17.86,17.86,17.86,17.86,100
INN,2017-07-21,12:53:00,17.86,17.86,17.86,17.86,100
INN,2017-07-21,12:54:00,17.86,17.86,17.86,17.86,100
INN,2017-07-21,12:55:00,17.85,17.85,17.85,17.85,700
INN,2017-07-21,12:56:00,17.84,17.84,17.83,17.83,1000
INN,2017-07-21,12:57:00,17.83,17.83,17.83,17.83,100
INN,2017-07-21,12:58:00,17.83,17.84,17.83,17.84,999
INN,2017-07-21,12:59:00,17.84,17.84,17.84,17.84,1903
INN,2017-07-21,13:04:00,17.85,17.85,17.85,17.85,400
INN,2017-07-21,13:05:00,17.85,17.85,17.85,17.85,100
INN,2017-07-21,13:06:00,17.85,17.86,17.85,17.86,3100
INN,2017-07-21,13:08:00,17.85,17.85,17.85,17.85,1250
INN,2017-07-21,13:09:00,17.86,17.86,17.86,17.86,1600
INN,2017-07-21,13:10:00,17.87,17.88,17.87,17.87,1300
INN,2017-07-21,13:11:00,17.87,17.88,17.87,17.88,1000
INN,2017-07-21,13:12:00,17.88,17.88,17.85,17.85,3900
INN,2017-07-21,13:16:00,17.84,17.84,17.84,17.84,500
INN,2017-07-21,13:17:00,17.83,17.83,17.83,17.83,700
INN,2017-07-21,13:19:00,17.84,17.84,17.84,17.84,200
INN,2017-07-21,13:20:00,17.84,17.84,17.84,17.84,300
INN,2017-07-21,13:21:00,17.84,17.84,17.84,17.84,400
INN,2017-07-21,13:22:00,17.85,17.85,17.84,17.84,500
INN,2017-07-21,13:25:00,17.84,17.84,17.83,17.83,500
INN,2017-07-21,13:26:00,17.83,17.83,17.83,17.83,300
INN,2017-07-21,13:27:00,17.82,17.82,17.82,17.82,100
INN,2017-07-21,13:28:00,17.82,17.82,17.81,17.82,1300
INN,2017-07-21,13:30:00,17.82,17.82,17.82,17.82,200
INN,2017-07-21,13:32:00,17.82,17.82,17.82,17.82,100
INN,2017-07-21,13:33:00,17.82,17.82,17.82,17.82,100
INN,2017-07-21,13:36:00,17.83,17.83,17.83,17.83,890
INN,2017-07-21,13:37:00,17.83,17.83,17.82,17.83,1121
INN,2017-07-21,13:38:00,17.83,17.83,17.83,17.83,200
INN,2017-07-21,13:40:00,17.84,17.84,17.84,17.84,700
INN,2017-07-21,13:41:00,17.84,17.84,17.83,17.84,1521
INN,2017-07-21,13:42:00,17.83,17.83,17.83,17.83,300
INN,2017-07-21,13:43:00,17.82,17.82,17.82,17.82,100
INN,2017-07-21,13:44:00,17.82,17.82,17.81,17.81,300
INN,2017-07-21,13:47:00,17.82,17.82,17.82,17.82,600
INN,2017-07-21,13:50:00,17.81,17.81,17.80,17.81,1000
INN,2017-07-21,13:51:00,17.81,17.81,17.79,17.79,2600
INN,2017-07-21,13:52:00,17.80,17.80,17.80,17.80,200
INN,2017-07-21,13:53:00,17.80,17.80,17.80,17.80,100
INN,2017-07-21,13:54:00,17.80,17.80,17.79,17.80,1300
INN,2017-07-21,13:56:00,17.81,17.82,17.81,17.81,1000
INN,2017-07-21,13:57:00,17.81,17.81,17.81,17.81,100
INN,2017-07-21,13:58:00,17.81,17.81,17.81,17.81,200
INN,2017-07-21,13:59:00,17.81,17.82,17.81,17.82,1092
INN,2017-07-21,14:00:00,17.82,17.82,17.82,17.82,100
INN,2017-07-21,14:04:00,17.82,17.82,17.82,17.82,100
INN,2017-07-21,14:07:00,17.83,17.83,17.83,17.83,100
INN,2017-07-21,14:08:00,17.83,17.84,17.83,17.84,1905
INN,2017-07-21,14:09:00,17.85,17.85,17.85,17.85,200
INN,2017-07-21,14:10:00,17.85,17.85,17.85,17.85,400
INN,2017-07-21,14:11:00,17.85,17.85,17.84,17.84,1600
INN,2017-07-21,14:12:00,17.84,17.84,17.84,17.84,100
INN,2017-07-21,14:13:00,17.84,17.84,17.82,17.82,1300
INN,2017-07-21,14:14:00,17.82,17.82,17.82,17.82,100
INN,2017-07-21,14:15:00,17.82,17.82,17.82,17.82,200
INN,2017-07-21,14:16:00,17.83,17.83,17.83,17.83,100
INN,2017-07-21,14:17:00,17.83,17.84,17.83,17.84,835
INN,2017-07-21,14:18:00,17.84,17.84,17.84,17.84,300
INN,2017-07-21,14:19:00,17.85,17.85,17.83,17.83,1200
INN,2017-07-21,14:20:00,17.83,17.83,17.83,17.83,200
INN,2017-07-21,14:21:00,17.84,17.84,17.84,17.84,200
INN,2017-07-21,14:22:00,17.84,17.84,17.83,17.83,900
INN,2017-07-21,14:23:00,17.84,17.86,17.84,17.85,2655
INN,2017-07-21,14:24:00,17.84,17.84,17.84,17.84,434
INN,2017-07-21,14:25:00,17.85,17.85,17.85,17.85,900
INN,2017-07-21,14:26:00,17.86,17.86,17.86,17.86,700
INN,2017-07-21,14:27:00,17.86,17.86,17.86,17.86,500
INN,2017-07-21,14:28:00,17.86,17.86,17.85,17.86,400
INN,2017-07-21,14:30:00,17.85,17.85,17.82,17.83,7289
INN,2017-07-21,14:31:00,17.83,17.84,17.83,17.84,537
INN,2017-07-21,14:32:00,17.84,17.84,17.84,17.84,100
INN,2017-07-21,14:33:00,17.84,17.84,17.84,17.84,300
INN,2017-07-21,14:34:00,17.84,17.84,17.84,17.84,100
INN,2017-07-21,14:35:00,17.84,17.84,17.84,17.84,200
INN,2017-07-21,14:36:00,17.84,17.84,17.84,17.84,300
INN,2017-07-21,14:37:00,17.83,17.83,17.82,17.82,1318
INN,2017-07-21,14:38:00,17.83,17.83,17.83,17.83,300
INN,2017-07-21,14:39:00,17.83,17.83,17.82,17.83,750
INN,2017-07-21,14:40:00,17.83,17.83,17.83,17.83,700
INN,2017-07-21,14:41:00,17.83,17.83,17.82,17.82,1500
INN,2017-07-21,14:42:00,17.82,17.82,17.82,17.82,600
INN,2017-07-21,14:43:00,17.82,17.82,17.82,17.82,100
INN,2017-07-21,14:44:00,17.83,17.83,17.83,17.83,992
INN,2017-07-21,14:45:00,17.84,17.84,17.84,17.84,902
INN,2017-07-21,14:46:00,17.84,17.84,17.84,17.84,400
INN,2017-07-21,14:47:00,17.84,17.85,17.84,17.85,200
INN,2017-07-21,14:48:00,17.85,17.85,17.84,17.85,688
INN,2017-07-21,14:49:00,17.85,17.85,17.85,17.85,600
INN,2017-07-21,14:50:00,17.85,17.85,17.85,17.85,400
INN,2017-07-21,14:51:00,17.85,17.85,17.85,17.85,300
INN,2017-07-21,14:53:00,17.85,17.85,17.85,17.85,300
INN,2017-07-21,14:54:00,17.85,17.85,17.85,17.85,1135
INN,2017-07-21,14:55:00,17.86,17.86,17.86,17.86,100
INN,2017-07-21,14:58:00,17.86,17.86,17.86,17.86,600
INN,2017-07-21,14:59:00,17.86,17.86,17.86,17.86,2345
INN,2017-07-21,15:00:00,17.86,17.86,17.86,17.86,500
INN,2017-07-21,15:01:00,17.86,17.86,17.86,17.86,719
INN,2017-07-21,15:02:00,17.86,17.86,17.86,17.86,100
INN,2017-07-21,15:03:00,17.86,17.86,17.86,17.86,100
INN,2017-07-21,15:04:00,17.85,17.86,17.85,17.85,600
INN,2017-07-21,15:05:00,17.85,17.85,17.85,17.85,200
INN,2017-07-21,15:06:00,17.86,17.86,17.86,17.86,200
INN,2017-07-21,15:07:00,17.85,17.85,17.85,17.85,3723
INN,2017-07-21,15:08:00,17.84,17.85,17.83,17.85,8255
INN,2017-07-21,15:09:00,17.85,17.86,17.84,17.84,1400
INN,2017-07-21,15:10:00,17.85,17.85,17.85,17.85,100
INN,2017-07-21,15:11:00,17.85,17.85,17.85,17.85,100
INN,2017-07-21,15:12:00,17.85,17.85,17.85,17.85,1316
INN,2017-07-21,15:13:00,17.85,17.85,17.85,17.85,1753
INN,2017-07-21,15:14:00,17.85,17.85,17.82,17.82,5614
INN,2017-07-21,15:15:00,17.83,17.85,17.83,17.85,1700
INN,2017-07-21,15:16:00,17.85,17.85,17.85,17.85,400
INN,2017-07-21,15:17:00,17.84,17.85,17.84,17.85,200
INN,2017-07-21,15:18:00,17.84,17.84,17.83,17.83,1300
INN,2017-07-21,15:19:00,17.84,17.84,17.84,17.84,100
INN,2017-07-21,15:20:00,17.84,17.84,17.84,17.84,800
INN,2017-07-21,15:21:00,17.84,17.84,17.84,17.84,1000
INN,2017-07-21,15:23:00,17.83,17.84,17.83,17.84,400
INN,2017-07-21,15:24:00,17.84,17.84,17.84,17.84,2200
INN,2017-07-21,15:25:00,17.84,17.84,17.84,17.84,400
INN,2017-07-21,15:26:00,17.84,17.84,17.84,17.84,7800
INN,2017-07-21,15:27:00,17.84,17.84,17.84,17.84,400
INN,2017-07-21,15:28:00,17.83,17.83,17.82,17.82,2891
INN,2017-07-21,15:29:00,17.82,17.84,17.82,17.84,1398
INN,2017-07-21,15:30:00,17.84,17.84,17.84,17.84,1209
INN,2017-07-21,15:31:00,17.84,17.84,17.84,17.84,1300
INN,2017-07-21,15:32:00,17.84,17.84,17.84,17.84,4965
INN,2017-07-21,15:33:00,17.84,17.84,17.84,17.84,2665
INN,2017-07-21,15:34:00,17.85,17.86,17.85,17.86,1928
INN,2017-07-21,15:35:00,17.86,17.87,17.86,17.86,2100
INN,2017-07-21,15:36:00,17.86,17.87,17.86,17.86,9207
INN,2017-07-21,15:37:00,17.86,17.86,17.86,17.86,1500
INN,2017-07-21,15:38:00,17.87,17.87,17.87,17.87,300
INN,2017-07-21,15:39:00,17.87,17.88,17.86,17.86,11602
INN,2017-07-21,15:40:00,17.85,17.86,17.85,17.86,400
INN,2017-07-21,15:41:00,17.86,17.87,17.86,17.86,1600
INN,2017-07-21,15:42:00,17.86,17.86,17.86,17.86,500
INN,2017-07-21,15:43:00,17.86,17.86,17.86,17.86,300
INN,2017-07-21,15:44:00,17.87,17.87,17.86,17.87,6155
INN,2017-07-21,15:45:00,17.87,17.88,17.86,17.87,10620
INN,2017-07-21,15:46:00,17.86,17.88,17.86,17.86,8988
INN,2017-07-21,15:47:00,17.86,17.86,17.86,17.86,100
INN,2017-07-21,15:48:00,17.87,17.88,17.86,17.86,10078
INN,2017-07-21,15:49:00,17.87,17.87,17.86,17.86,800
INN,2017-07-21,15:50:00,17.86,17.87,17.86,17.86,3700
INN,2017-07-21,15:51:00,17.86,17.87,17.86,17.87,3002
INN,2017-07-21,15:52:00,17.87,17.87,17.86,17.86,2100
INN,2017-07-21,15:53:00,17.87,17.87,17.86,17.87,3500
INN,2017-07-21,15:54:00,17.86,17.86,17.84,17.85,25809
INN,2017-07-21,15:55:00,17.85,17.86,17.85,17.86,5996
INN,2017-07-21,15:56:00,17.86,17.86,17.84,17.85,14435
INN,2017-07-21,15:57:00,17.85,17.85,17.84,17.85,1000
INN,2017-07-21,15:58:00,17.84,17.85,17.84,17.84,4150
INN,2017-07-21,15:59:00,17.84,17.85,17.84,17.84,4150
INN,2017-07-21,16:00:00,17.84,17.85,17.84,17.85,20271
